15 23 4 20 1000
0 0 0 7
0 0 0 2
0 4 0 0
0 19 0 0
END
4 0 0 0
0 8 1 0
0 0 0 0
0 0 0 16
END
0 0 0 0
0 0 0 3
0 0 1 0
5 0 0 0
END
0 0 0 0
9 0 0 0
0 4 0 0
0 10 2 0
END
0 0 0 0
0 12 4 0
0 0 0 13
0 0 0 19
END
0 0 0 3
0 0 0 0
0 21 0 0
0 0 0 8
END
0 0 0 0
0 0 0 0
18 0 0 6
0 0 5 20
END
0 16 0 0
0 0 0 3
0 0 0 0
21 0 0 5
END
0 0 0 0
0 5 0 14
0 0 0 7
0 0 0 1
END
0 0 1 14
0 0 0 0
5 0 0 0
0 0 0 0
END
0 0 1 15
3 0 0 0
0 0 0 0
0 0 0 6
END
0 0 0 0
3 0 0 0
0 0 3 0
0 16 0 0
END
0 14 0 0
0 0 0 2
0 0 0 0
0 0 0 1
END
0 2 0 0
18 0 0 16
0 0 0 0
0 14 0 0
END
0 0 0 0
0 0 0 5
0 0 0 18
0 0 0 5
END
0 0 10 2
0 0 0 0
0 21 0 0
0 0 0 0
END
0 0 0 0
0 0 0 8
0 0 3 0
0 0 0 1
END
0 0 0 0
5 0 0 0
0 0 5 0
4 0 0 0
END
0 0 19 0
0 4 0 2
0 0 0 0
0 0 0 0
END
0 0 0 0
0 0 0 10
4 0 15 3
0 0 0 0
END
0 0 0 0
0 0 0 7
0 0 10 0
0 4 0 0
END
21 0 1 0
14 0 0 0
0 0 0 0
0 0 0 0
END
0 5 0 0
0 0 5 0
0 0 0 0
0 0 12 0
END
4 0 0 0
0 0 0 0
0 8 14 0
0 0 0 0
END
0 0 0 0
0 0 0 21
0 5 0 0
0 8 0 2
END
9 0 0 0
21 0 0 0
1 2 0 0
0 0 0 0
END
1 0 0 0
0 3 0 0
0 0 0 9
0 0 0 0
END
20 0 0 0
0 0 0 0
0 0 16 0
0 0 0 2
END
0 0 0 0
0 0 16 12
21 0 0 0
0 0 0 0
END
0 0 0 0
0 0 21 9
0 0 0 0
0 2 0 0
END
4 0 0 0
0 0 0 0
0 0 0 0
20 0 0 19
END
0 0 1 0
0 0 0 0
0 0 4 0
0 5 0 0
END
0 0 21 4
0 0 19 0
0 0 0 0
0 1 0 0
END
0 0 5 0
0 0 0 6
0 0 0 0
3 0 0 0
END
0 0 0 4
13 8 0 6
0 0 0 0
0 0 0 0
END
0 0 0 21
0 0 0 0
0 0 2 0
0 0 4 0
END
0 0 1 0
5 0 0 0
0 0 9 0
0 0 0 0
END
0 0 0 0
0 0 10 19
11 0 0 0
0 0 0 0
END
2 0 0 0
0 0 0 0
0 0 4 17
0 0 0 0
END
0 8 6 0
0 0 0 0
0 0 0 9
0 0 0 16
END
12 0 0 0
5 0 0 0
0 0 0 0
0 0 2 0
END
0 0 4 5
15 0 0 0
0 0 0 0
0 0 0 0
END
0 0 0 0
0 4 6 0
0 0 0 2
0 0 0 0
END
0 0 0 0
0 15 0 0
17 3 0 0
0 0 9 0
END
0 0 0 0
0 0 0 0
20 10 17 0
0 0 0 0
END
0 0 3 0
0 0 0 0
0 0 3 0
0 0 0 4
END
0 0 0 0
0 0 0 3
0 6 0 0
0 6 1 0
END
0 21 20 0
5 0 0 0
0 0 0 0
0 0 13 0
END
0 0 0 0
0 0 16 0
0 0 0 19
3 0 0 0
END
0 0 0 0
0 0 0 0
5 0 0 0
2 0 0 14
END
0 0 0 0
20 0 0 0
0 6 0 0
0 0 10 0
END
1 0 0 0
0 0 0 0
0 2 0 0
0 5 4 0
END
0 0 0 19
0 0 0 1
0 5 0 0
0 0 0 0
END
0 1 0 0
0 0 0 5
0 0 0 0
0 12 0 1
END
0 0 18 0
0 0 0 13
0 0 5 0
0 0 0 0
END
0 0 1 0
0 0 14 0
0 0 0 8
0 3 0 0
END
0 0 0 0
0 0 0 0
0 0 0 3
7 7 0 0
END
0 0 0 18
0 0 10 0
0 0 0 0
0 0 0 2
END
0 0 0 0
0 1 0 0
0 18 0 0
0 0 4 0
END
0 0 0 0
0 5 4 0
0 0 4 2
0 0 0 0
END
0 0 3 0
0 0 3 0
21 0 0 0
0 0 0 0
END
0 0 0 0
0 0 14 6
0 0 0 0
0 0 7 0
END
9 0 6 0
0 0 0 0
0 0 0 0
0 2 0 1
END
0 0 0 15
0 0 0 1
8 0 0 4
0 0 0 0
END
0 0 0 0
0 0 0 12
17 0 0 0
0 3 0 0
END
0 21 0 5
0 0 0 0
0 0 0 0
0 0 7 9
END
0 0 10 0
0 0 0 0
0 0 0 4
0 0 0 21
END
7 0 0 0
0 0 0 0
0 7 0 0
19 0 1 0
END
0 0 9 0
8 0 0 0
0 0 0 0
3 0 0 0
END
0 0 0 0
0 0 0 3
0 0 0 0
16 0 3 0
END
8 0 0 0
0 0 0 0
0 0 0 0
0 17 7 0
END
0 0 0 0
0 3 0 0
3 4 0 0
0 0 0 0
END
0 0 0 0
0 14 9 0
0 6 0 0
9 0 0 0
END
0 0 0 0
0 8 0 4
0 0 0 0
0 0 0 2
END
0 0 0 0
12 0 0 0
0 3 8 0
0 0 0 0
END
0 0 0 0
9 0 0 0
0 0 1 0
0 4 0 0
END
0 0 0 0
0 0 0 0
0 0 0 10
0 0 8 5
END
0 0 9 0
0 0 0 0
0 0 0 19
0 0 0 9
END
0 0 10 4
0 0 5 0
0 0 0 0
0 0 0 12
END
0 0 0 17
0 0 0 0
0 0 0 1
0 0 0 14
END
4 0 0 0
0 4 0 0
0 0 5 0
0 0 0 0
END
0 0 20 0
0 0 0 0
3 8 0 0
0 0 0 0
END
9 0 0 13
0 0 0 0
0 1 0 0
0 0 0 0
END
0 0 0 4
0 0 18 0
11 0 0 0
1 0 0 0
END
0 0 0 0
1 0 10 0
0 0 0 0
0 1 0 0
END
0 2 5 0
3 0 0 0
0 0 0 0
0 0 0 0
END
4 0 0 0
0 0 0 0
0 3 0 0
15 0 0 0
END
0 0 0 6
0 0 0 21
0 0 0 11
0 12 0 0
END
0 0 0 0
0 0 10 9
0 0 10 0
0 0 0 8
END
0 0 0 0
0 2 0 0
7 9 0 0
0 0 0 0
END
2 0 0 0
0 0 0 0
0 14 0 2
0 0 0 0
END
0 21 0 0
0 0 0 0
0 19 10 0
11 0 0 0
END
0 0 0 0
0 0 0 0
0 2 0 0
13 0 0 9
END
3 0 0 0
0 0 2 0
0 0 0 11
0 0 0 0
END
0 1 0 20
0 0 0 0
0 16 0 0
9 0 0 0
END
0 5 0 0
0 0 0 0
4 0 0 0
0 0 0 5
END
0 0 0 0
6 0 0 3
0 0 0 0
0 0 4 0
END
0 17 10 0
0 0 0 0
18 0 0 0
0 0 0 0
END
0 7 0 0
0 0 1 0
0 0 0 0
8 0 0 0
END
0 0 0 0
5 0 0 0
0 0 6 0
10 0 0 0
END
0 0 0 0
3 0 0 9
7 0 0 0
0 0 0 0
END
0 0 0 0
0 0 0 0
0 0 0 8
6 15 0 0
END
0 0 0 0
6 0 0 0
0 0 0 0
0 3 0 8
END
0 0 0 0
4 7 0 0
0 0 0 0
2 0 0 0
END
0 0 0 3
0 0 0 0
2 7 0 0
0 7 0 0
END
0 0 0 0
0 0 7 0
0 0 8 0
0 4 0 0
END
0 0 0 0
0 0 8 0
0 0 5 0
0 0 0 1
END
0 0 0 0
0 0 12 0
2 12 0 0
0 20 0 0
END
0 18 0 0
0 0 0 0
0 0 0 0
3 5 0 4
END
7 0 0 0
0 0 1 0
0 0 0 0
1 0 0 0
END
0 0 0 0
0 17 0 0
0 1 0 0
0 0 1 0
END
0 0 0 0
2 0 0 0
3 0 0 13
0 0 0 0
END
1 0 12 0
0 0 0 0
0 10 0 0
0 0 0 0
END
0 0 0 0
0 13 7 0
0 0 0 21
0 0 0 0
END
0 0 0 0
0 4 0 0
0 1 0 0
0 0 2 19
END
0 0 0 0
0 0 3 0
0 0 0 21
0 0 21 11
END
0 0 0 0
0 0 0 0
19 0 0 13
13 0 0 19
END
0 0 0 0
0 0 1 0
0 0 0 0
0 0 1 5
END
21 0 0 0
1 0 0 0
0 0 0 0
0 2 0 0
END
0 4 0 0
0 0 0 9
0 0 0 0
6 0 0 0
END
0 6 0 0
0 0 0 0
0 0 3 0
0 0 0 6
END
0 0 0 17
0 0 6 0
14 0 0 0
10 0 0 0
END
0 0 12 0
8 0 0 0
0 0 0 0
0 3 0 0
END
0 8 0 0
0 0 0 0
3 0 0 0
0 0 8 0
END
1 0 6 0
0 0 0 15
0 0 0 0
0 0 3 0
END
0 21 19 0
0 0 0 0
0 5 0 0
0 0 0 0
END
0 0 0 0
0 0 0 1
0 11 0 0
0 6 11 0
END
0 0 1 10
0 0 7 0
0 0 0 0
0 0 0 5
END
2 0 0 0
0 6 0 0
0 0 0 0
0 19 0 1
END
0 0 0 0
0 19 0 0
0 0 0 9
5 0 0 0
END
0 0 9 0
0 3 0 0
0 19 0 0
0 15 0 0
END
0 0 0 1
6 0 0 3
19 0 0 0
0 0 0 0
END
0 4 10 0
0 0 0 0
0 0 0 0
0 1 0 0
END
0 0 0 0
0 7 8 2
0 0 0 0
0 0 0 0
END
0 0 10 0
0 0 0 0
0 0 0 6
0 4 0 0
END
0 0 7 0
1 6 0 0
0 0 0 0
0 0 0 0
END
0 0 4 0
0 8 0 0
0 0 0 4
0 0 0 0
END
0 0 0 0
0 17 0 1
0 0 0 8
0 0 0 0
END
9 10 0 0
0 0 0 21
0 0 0 0
0 0 0 10
END
0 15 0 0
0 0 0 5
21 0 0 0
5 0 0 0
END
13 0 0 0
0 0 0 19
8 0 0 0
0 0 0 0
END
0 0 12 0
0 0 0 0
0 0 0 0
0 0 2 19
END
0 21 0 0
0 0 0 0
0 0 0 5
0 2 0 10
END
0 3 0 0
0 3 0 0
0 0 0 0
0 0 0 4
END
9 0 0 0
0 0 21 0
0 0 0 1
0 2 0 0
END
0 0 0 0
0 0 0 5
6 0 5 0
0 0 0 0
END
0 0 0 0
5 4 9 10
0 0 0 0
0 0 0 0
END
0 0 0 0
0 0 0 0
2 0 0 2
0 0 0 4
END
0 0 0 0
0 2 0 6
10 0 1 0
0 0 0 0
END
0 17 0 0
8 0 0 0
6 0 0 0
0 0 20 0
END
0 0 0 0
0 0 0 0
0 0 19 0
0 0 3 2
END
0 0 0 0
0 0 0 6
0 0 0 5
0 3 0 0
END
21 0 2 0
0 0 0 0
0 0 0 0
0 0 9 0
END
0 0 0 5
21 0 0 0
0 0 0 0
0 0 5 0
END
0 0 0 0
5 0 4 0
7 0 0 0
0 0 0 0
END
0 0 0 0
6 0 7 0
0 10 0 0
0 0 0 0
END
0 0 18 4
0 0 0 0
6 0 0 0
0 0 0 0
END
0 0 0 0
10 0 0 0
0 0 0 3
0 0 2 0
END
0 0 7 0
0 3 0 10
6 0 0 0
0 0 0 0
END
0 0 0 2
0 19 0 0
0 0 0 0
0 0 5 0
END
0 0 0 0
0 0 0 1
0 19 0 6
19 0 0 0
END
0 1 0 0
1 0 0 0
0 5 0 0
0 0 0 9
END
0 0 0 0
18 0 0 0
5 0 0 4
0 0 0 17
END
0 0 0 15
2 0 0 0
16 4 0 0
0 0 0 0
END
0 0 2 5
0 0 0 0
0 0 0 0
0 0 18 0
END
0 1 0 0
0 14 0 0
0 7 0 0
0 0 0 0
END
5 0 5 0
0 0 0 21
0 0 0 0
0 0 0 2
END
0 0 0 0
0 3 0 0
8 0 0 0
9 0 0 0
END
0 3 1 0
0 0 2 0
0 0 0 0
0 0 0 0
END
0 0 0 0
0 0 3 0
0 7 0 0
0 6 0 0
END
0 0 0 0
0 0 3 0
0 0 0 1
0 1 0 7
END
0 20 3 0
0 0 0 0
4 0 0 0
0 0 0 0
END
0 0 0 0
0 0 0 21
0 0 4 0
0 0 0 2
END
0 3 0 0
0 0 0 0
0 0 0 0
5 0 5 0
END
0 0 0 0
0 2 0 5
0 0 0 2
0 0 0 0
END
0 2 0 18
0 0 0 0
0 0 4 0
0 0 0 0
END
0 0 17 0
0 0 0 20
0 0 0 0
0 21 0 0
END
17 0 0 0
0 0 0 0
2 0 0 0
0 6 8 0
END
0 0 5 0
0 7 0 2
0 0 0 0
0 0 0 0
END
0 0 1 0
0 9 8 0
0 0 0 0
0 0 0 0
END
0 0 0 0
0 9 20 0
0 0 4 0
0 0 0 3
END
0 0 6 3
0 0 0 0
0 0 0 11
8 0 0 0
END
0 11 4 0
0 0 0 0
4 0 0 0
0 0 0 0
END
0 0 0 21
9 0 8 0
0 0 0 0
15 0 0 0
END
20 5 18 0
0 16 0 0
0 0 0 0
0 0 0 0
END
0 0 0 0
10 0 0 10
0 0 15 0
0 0 0 10
END
0 0 0 5
5 9 0 0
0 9 0 0
0 0 0 0
END
0 0 0 0
0 3 0 19
0 16 0 0
0 0 0 2
END
9 0 0 0
0 0 0 0
0 0 0 13
0 4 0 20
END
9 0 0 0
0 0 0 0
2 12 0 0
0 0 0 0
END
0 0 0 0
3 0 0 0
0 9 0 0
7 0 0 0
END
0 0 0 0
0 0 0 0
0 0 2 0
0 14 0 3
END
0 0 0 0
0 0 1 0
14 0 0 0
0 0 13 0
END
0 0 0 6
0 0 8 0
0 0 0 0
0 0 20 0
END
0 8 0 0
0 5 0 0
0 0 0 0
3 0 0 0
END
0 0 7 0
0 0 0 0
5 0 0 0
0 0 2 5
END
0 0 0 11
0 0 0 0
4 0 0 0
5 0 0 0
END
5 0 4 0
4 0 0 0
0 0 0 0
0 0 0 0
END
3 0 0 0
0 2 0 0
0 6 0 1
0 0 0 0
END
0 5 7 0
0 6 0 0
0 0 0 0
0 0 0 0
END
0 0 11 0
0 0 1 0
0 0 2 0
0 0 0 0
END
0 5 2 0
0 0 0 0
0 0 0 1
0 0 0 0
END
0 0 2 1
0 0 0 0
0 0 5 0
0 0 0 0
END
0 0 0 0
0 0 0 0
10 7 0 0
2 0 0 0
END
0 0 0 0
0 0 3 0
0 0 0 0
13 4 0 0
END
0 0 0 0
7 0 0 5
0 0 0 0
5 0 0 0
END
0 11 0 0
4 0 0 0
0 0 0 0
0 9 0 21
END
0 0 0 0
0 0 0 0
0 18 5 0
0 4 0 0
END
0 0 4 2
0 0 0 0
0 0 0 0
0 0 3 0
END
0 0 0 0
4 0 0 0
0 19 10 0
0 0 0 7
END
3 10 0 0
0 0 0 0
0 0 4 1
0 0 0 0
END
0 0 0 0
0 9 0 0
0 0 5 7
0 0 0 0
END
0 0 0 0
0 0 2 0
21 0 0 0
4 0 0 0
END
0 0 0 0
0 0 0 0
15 0 0 20
10 4 0 0
END
9 0 0 0
0 0 0 1
0 0 0 0
0 0 18 0
END
0 0 0 0
21 13 0 0
0 9 0 0
12 0 0 0
END
0 0 0 0
0 0 21 3
0 0 0 3
0 0 5 0
END
5 0 0 5
0 0 0 0
0 0 0 12
0 0 0 0
END
0 0 0 0
0 0 15 0
0 0 0 2
0 8 0 14
END
0 0 0 14
0 0 0 0
0 6 0 0
0 0 0 2
END
0 0 11 0
0 0 0 0
0 0 0 2
0 6 0 0
END
0 0 16 13
0 0 0 9
0 0 0 0
8 0 0 0
END
2 0 0 0
0 0 0 4
0 0 0 0
0 18 0 0
END
0 0 0 0
5 7 0 0
0 0 16 0
0 0 0 0
END
0 0 0 0
0 0 0 0
4 0 0 5
0 11 0 0
END
0 0 0 0
0 0 2 8
0 0 0 0
19 0 2 0
END
0 21 0 0
0 0 0 0
0 16 0 0
0 21 0 0
END
0 14 0 0
0 5 0 0
0 0 0 0
0 0 5 0
END
0 1 0 0
0 0 0 6
6 0 0 0
0 0 0 0
END
0 0 0 0
0 0 13 1
0 0 0 3
0 4 0 0
END
0 0 0 4
0 0 0 0
13 0 0 0
0 0 5 2
END
0 13 3 0
0 0 0 0
17 0 0 0
0 0 0 20
END
0 0 0 0
0 0 0 14
16 0 0 0
0 0 2 9
END
0 4 0 2
0 6 4 0
0 0 0 0
0 0 0 0
END
2 0 0 0
0 5 0 20
0 0 0 0
19 0 0 0
END
0 0 0 0
0 0 7 0
0 15 0 0
0 0 2 0
END
0 0 0 5
6 1 0 0
0 0 0 0
0 15 0 0
END
0 0 0 0
0 9 19 0
0 0 0 8
0 0 0 4
END
0 5 9 0
0 0 19 0
0 0 0 0
0 0 0 0
END
0 2 7 0
0 0 0 0
0 19 0 0
0 0 0 0
END
0 0 21 0
0 0 2 6
0 0 0 0
0 0 0 4
END
8 0 0 0
0 0 3 2
0 0 0 0
19 0 0 0
END
0 9 0 0
0 0 0 0
0 0 0 6
0 0 13 0
END
0 0 0 0
4 0 0 0
0 0 0 5
0 0 0 6
END
0 0 0 1
0 0 0 0
0 4 0 7
0 0 0 0
END
0 2 0 0
2 0 0 0
0 3 0 0
0 0 0 0
END
0 0 1 11
0 0 4 0
0 0 0 0
0 0 0 0
END
0 0 0 0
0 0 0 2
18 2 0 0
0 0 4 0
END
0 0 2 0
0 0 0 0
17 0 3 0
0 0 0 0
END
0 0 0 0
0 15 0 0
0 0 0 7
0 0 3 0
END
5 17 0 0
0 0 0 0
0 0 0 14
0 4 0 0
END
0 0 11 0
1 0 0 0
0 0 0 0
0 0 1 0
END
0 0 0 0
0 5 0 0
0 14 0 0
11 0 0 0
END
0 0 0 0
0 12 19 0
4 0 0 15
0 0 0 0
END
0 1 3 0
0 0 0 0
0 9 0 0
9 0 0 0
END
0 10 0 0
0 0 21 0
0 0 0 0
0 7 0 0
END
2 0 0 0
6 0 0 10
0 0 3 0
0 0 0 0
END
0 0 0 0
0 5 12 0
15 0 0 0
0 3 0 0
END
12 0 0 0
7 0 0 0
0 0 0 6
0 0 0 0
END
0 13 1 0
0 0 0 0
0 4 0 0
0 0 0 0
END
0 12 0 0
0 5 0 0
17 0 0 0
0 0 0 0
END
0 0 0 0
0 11 0 0
0 0 0 0
0 13 0 1
END
0 4 0 0
0 0 0 1
0 7 0 0
0 0 0 1
END
0 0 2 0
21 0 3 2
0 0 0 0
0 0 0 0
END
0 0 0 0
0 0 4 0
0 0 5 8
0 0 0 0
END
5 6 0 0
0 0 0 0
0 1 0 0
0 0 0 0
END
0 18 0 0
0 0 0 0
12 0 14 0
0 0 0 0
END
10 0 0 0
0 0 0 8
0 0 0 21
0 0 0 0
END
0 0 0 0
3 0 0 0
0 0 14 0
0 0 1 0
END
0 2 0 0
0 0 5 0
0 0 0 0
16 0 0 0
END
0 0 0 0
0 4 0 0
0 0 0 10
0 2 0 0
END
4 0 11 0
7 0 0 0
0 0 0 0
0 0 0 0
END
0 0 0 3
0 0 0 4
3 0 0 0
4 0 0 0
END
0 0 0 0
0 2 0 0
0 0 0 2
0 0 17 0
END
0 11 0 2
0 0 0 0
0 0 0 6
0 4 0 0
END
0 0 0 0
0 0 0 0
2 3 0 0
0 0 0 5
END
0 0 4 0
0 0 0 0
12 0 0 10
0 0 0 0
END
0 0 5 0
0 0 1 0
0 0 0 0
8 0 0 0
END
0 0 0 19
3 0 5 0
0 0 0 0
0 0 0 12
END
0 10 0 1
0 0 0 0
0 9 0 0
0 0 0 19
END
0 0 0 2
0 0 3 0
9 0 0 0
0 0 20 0
END
20 0 0 0
0 1 0 0
0 0 0 0
0 1 0 0
END
17 0 0 0
0 4 0 0
0 19 0 0
0 0 0 8
END
0 0 0 0
0 18 7 0
0 0 0 0
0 2 11 0
END
0 0 14 0
0 0 0 0
0 6 0 1
0 0 3 0
END
0 0 0 6
0 0 0 0
0 14 0 0
0 0 10 0
END
0 3 0 4
16 0 0 0
0 21 0 0
0 0 0 0
END
0 0 11 0
21 0 0 0
0 21 0 0
0 0 0 1
END
0 0 0 7
0 0 5 4
0 0 0 0
0 4 0 0
END
0 0 0 0
0 0 5 0
0 0 0 0
0 3 6 0
END
0 0 0 0
0 20 3 0
3 0 0 0
0 0 0 0
END
17 0 0 0
6 0 0 1
0 0 0 0
0 0 0 0
END
0 0 0 0
7 0 0 21
0 0 0 0
0 0 15 0
END
0 0 0 0
0 0 21 4
0 0 0 0
0 0 19 0
END
0 0 12 4
0 0 0 0
0 7 0 2
0 0 0 0
END
0 0 0 5
0 0 12 10
0 0 1 0
0 0 0 0
END
0 0 0 0
0 0 5 0
0 3 0 0
6 0 2 0
END
0 0 0 0
0 0 3 12
0 0 0 1
7 0 0 0
END
10 0 0 0
0 0 0 0
0 6 0 0
0 4 0 0
END
0 0 0 0
0 15 0 0
0 0 0 4
0 0 2 0
END
0 0 15 0
0 0 0 1
0 0 0 0
0 0 1 0
END
0 7 0 14
0 0 0 0
0 0 0 0
6 3 0 0
END
0 5 0 0
0 0 0 16
0 0 0 11
0 0 0 2
END
4 0 0 0
5 0 0 0
0 0 0 0
5 0 0 0
END
0 0 7 0
0 0 0 0
0 0 0 10
0 0 2 0
END
0 0 0 0
0 0 0 0
0 4 0 0
0 0 21 14
END
0 0 0 0
0 3 0 0
15 0 0 0
0 0 0 1
END
0 9 0 0
0 0 0 1
0 0 8 0
0 0 7 0
END
2 1 0 0
0 0 0 0
0 0 0 12
0 0 0 0
END
0 0 0 0
0 6 0 0
0 2 0 0
9 0 0 0
END
21 0 0 0
0 0 0 0
1 0 0 0
0 0 1 0
END
13 0 0 0
0 0 0 0
0 0 9 6
0 3 0 0
END
17 0 0 0
1 0 0 0
1 0 0 0
0 0 0 0
END
0 0 2 0
0 7 0 0
8 0 0 0
1 0 0 0
END
3 0 0 0
0 0 0 0
10 17 0 0
0 20 0 0
END
0 0 0 0
0 0 0 6
11 7 0 0
0 0 0 0
END
0 0 0 0
0 18 0 0
4 2 5 0
0 0 0 0
END
5 0 0 0
1 0 0 0
0 0 0 0
0 0 17 2
END
7 0 0 0
1 0 0 8
0 0 0 0
0 0 0 0
END
1 0 0 21
0 0 0 0
8 0 0 0
0 0 0 0
END
0 0 0 0
0 0 0 0
5 5 0 0
3 0 0 0
END
0 3 0 0
13 0 0 0
0 0 0 0
0 0 4 4
END
0 0 0 0
0 0 0 0
0 2 0 9
0 0 0 4
END
0 7 13 0
0 7 0 21
0 0 0 0
0 0 0 0
END
0 0 0 19
0 0 0 0
1 0 0 0
0 14 0 0
END
0 5 0 0
0 0 8 0
0 0 0 0
0 0 0 20
END
0 0 0 0
0 0 0 0
0 17 8 0
0 0 2 0
END
11 0 0 0
0 0 0 0
0 5 0 0
2 0 0 1
END
5 0 0 0
0 0 0 0
0 6 0 10
0 0 0 20
END
0 5 0 2
13 0 0 0
0 0 0 0
0 0 0 0
END
0 0 0 0
0 6 0 21
0 0 0 15
0 0 0 0
END
0 0 0 0
0 0 0 20
0 0 0 0
0 4 0 8
END
0 0 1 3
0 0 0 0
0 0 0 4
0 0 0 0
END
0 0 0 1
0 0 0 0
0 4 0 0
0 0 2 17
END
0 0 7 0
0 0 2 0
0 0 0 0
0 0 0 2
END
0 0 3 0
0 0 3 0
0 0 0 0
0 5 0 0
END
0 0 0 0
0 0 0 0
0 16 0 0
0 11 0 3
END
0 0 0 0
0 0 16 10
0 0 0 0
0 0 7 0
END
6 0 0 0
9 14 0 0
0 0 3 0
0 0 0 0
END
0 0 0 0
0 0 18 0
10 18 0 0
0 0 0 0
END
0 1 0 0
0 7 0 21
0 0 0 0
0 0 21 0
END
0 0 0 0
0 0 5 0
0 0 9 0
0 1 0 0
END
0 0 0 0
0 7 0 0
3 0 0 0
15 0 0 0
END
4 0 0 0
0 0 6 1
0 0 5 0
0 0 0 0
END
0 11 0 0
0 0 0 0
0 0 0 0
0 5 2 0
END
0 0 0 0
0 5 0 4
2 0 0 3
0 0 0 0
END
0 0 0 20
0 0 0 0
0 0 0 21
0 7 0 0
END
0 0 0 13
0 5 0 0
0 0 0 0
0 0 21 8
END
0 0 0 0
0 4 0 0
10 8 0 0
0 0 0 3
END
0 0 0 0
8 0 4 0
0 0 0 0
0 0 0 5
END
0 7 0 0
0 0 8 0
21 0 0 21
0 0 0 0
END
0 0 0 0
0 0 8 0
0 0 0 15
0 4 0 0
END
0 0 1 0
0 0 16 0
0 0 0 0
0 4 1 0
END
0 0 0 0
8 0 0 0
0 0 0 3
0 0 0 8
END
0 0 0 0
0 0 0 0
0 0 4 5
0 10 0 0
END
0 0 14 14
0 0 0 0
0 7 0 0
21 0 0 0
END
0 0 0 0
0 0 0 13
21 0 0 15
0 0 0 0
END
0 0 0 8
15 0 0 0
7 0 0 12
0 0 0 0
END
0 4 0 0
2 0 0 0
5 0 0 1
0 0 0 0
END
0 0 0 0
0 0 0 0
9 0 3 0
0 0 1 0
END
0 5 0 0
0 0 0 0
0 0 0 0
0 0 2 15
END
0 0 0 10
0 5 0 5
0 0 3 0
0 0 0 0
END
1 6 0 0
9 0 0 0
0 0 0 0
0 5 0 0
END
0 4 0 11
0 0 0 0
1 0 0 0
0 0 0 0
END
0 0 0 0
0 0 0 0
0 0 12 0
0 0 10 4
END
0 7 0 0
0 0 0 0
0 0 0 3
0 0 0 12
END
0 0 0 0
0 8 0 0
0 0 3 0
0 0 5 0
END
0 0 0 9
0 0 0 2
9 0 0 0
0 0 3 0
END
0 0 4 0
17 0 6 0
0 0 0 0
0 0 0 0
END
0 0 0 0
0 0 6 0
3 0 0 0
0 0 5 0
END
0 0 2 0
0 0 5 0
0 0 0 3
11 0 0 0
END
0 0 4 0
0 6 0 0
0 0 0 8
1 0 0 0
END
8 20 0 0
0 8 0 0
0 0 0 0
0 0 0 0
END
0 3 16 0
0 0 0 0
0 0 0 5
0 0 0 0
END
0 0 10 14
0 0 0 0
0 3 0 0
0 3 0 0
END
0 21 0 2
0 14 0 0
0 0 0 0
0 0 0 0
END
0 0 0 0
0 11 18 0
0 8 0 0
0 0 7 0
END
0 0 0 0
2 21 0 21
0 0 0 4
0 0 0 0
END
7 8 0 0
0 0 0 0
0 0 0 0
0 3 0 0
END
0 0 0 0
0 0 0 7
0 0 0 0
0 14 0 15
END
0 0 0 0
0 0 10 0
6 0 2 0
0 0 0 0
END
0 0 12 0
0 0 0 0
4 11 0 0
0 0 0 0
END
0 0 18 0
0 0 0 0
0 0 2 0
0 8 0 0
END
16 18 0 0
0 0 0 0
0 0 0 0
1 2 0 0
END
4 0 0 0
0 0 5 5
0 0 0 0
0 0 3 0
END
1 0 0 0
0 0 0 10
0 15 0 0
0 0 0 0
END
0 0 0 5
0 7 0 0
14 0 0 0
0 0 0 0
END
0 0 0 3
0 0 0 21
0 0 0 5
0 9 0 0
END
0 0 21 0
0 0 16 0
0 2 1 0
0 0 0 0
END
14 0 19 0
4 0 0 0
0 0 0 0
0 0 0 2
END
3 0 0 0
0 10 0 0
0 0 18 0
0 0 0 0
END
21 0 0 1
0 0 1 0
0 0 0 0
0 6 0 0
END
0 0 0 0
0 0 7 0
10 0 7 0
0 0 0 0
END
0 8 0 0
19 0 0 0
0 0 0 0
21 4 0 0
END
0 10 0 0
0 4 0 0
0 0 0 0
4 0 0 5
END
0 0 0 3
0 0 20 0
12 2 0 0
0 0 0 0
END
0 0 0 6
0 0 0 4
0 0 0 0
0 0 0 2
END
0 0 0 0
0 4 0 0
5 0 0 0
4 0 0 0
END
0 0 0 0
0 5 0 0
9 5 0 0
0 0 0 0
END
0 0 0 0
0 0 0 21
0 1 0 0
0 5 2 0
END
14 0 0 0
15 0 0 0
0 0 0 9
0 0 0 6
END
0 0 0 0
0 0 0 0
1 0 9 0
0 0 13 0
END
0 0 0 4
6 0 6 0
0 0 0 0
0 0 0 0
END
0 0 0 0
0 8 0 0
19 7 0 0
0 0 0 0
END
3 0 0 0
21 0 0 1
0 0 0 1
0 0 0 0
END
0 0 4 0
0 0 0 5
0 0 19 2
0 0 0 0
END
0 3 0 0
0 0 2 0
0 0 0 0
0 0 7 0
END
3 0 0 0
0 0 0 0
0 0 0 0
15 0 14 4
END
0 0 17 0
0 0 0 3
0 1 0 0
0 0 4 0
END
0 0 0 0
21 0 0 0
0 0 0 17
0 0 12 9
END
0 2 0 0
0 9 0 3
0 4 0 0
0 0 0 0
END
0 0 8 4
0 17 0 0
0 0 0 0
0 19 0 0
END
0 1 0 4
0 0 21 0
0 0 0 0
0 0 0 16
END
0 0 0 0
0 0 0 0
0 0 0 0
17 0 3 11
END
0 8 0 0
2 0 0 0
0 0 0 0
0 0 15 0
END
0 2 0 0
0 0 0 0
0 0 0 13
0 5 0 0
END
0 0 0 0
0 0 0 0
6 0 0 0
0 14 16 0
END
0 0 0 0
10 0 0 0
2 0 0 0
4 0 0 0
END
0 0 0 3
7 0 0 3
0 0 0 10
0 0 0 0
END
0 0 0 0
0 0 0 17
0 0 4 0
0 0 5 0
END
0 0 0 8
0 0 0 0
0 0 0 0
9 7 0 0
END
0 0 0 5
0 0 0 5
0 0 0 0
0 0 12 7
END
0 0 0 0
3 0 0 0
0 7 0 0
1 0 0 0
END
0 0 4 19
0 0 0 0
6 0 0 9
0 0 0 0
END
0 3 0 0
0 0 8 0
0 0 0 0
0 0 3 1
END
0 0 0 0
0 0 0 0
5 3 0 16
0 0 0 0
END
0 0 0 2
0 0 0 0
0 0 0 0
0 0 2 4
END
0 5 0 0
0 2 0 0
0 0 0 0
0 0 0 17
END
0 0 0 0
20 0 0 0
0 0 0 13
19 0 0 0
END
0 0 0 0
0 1 0 0
0 0 2 0
0 0 2 0
END
0 1 0 0
5 0 0 0
0 0 0 0
0 0 2 21
END
0 0 0 0
0 3 1 0
0 0 0 5
0 0 0 10
END
0 0 0 4
0 0 0 0
0 0 1 1
0 0 0 0
END
0 0 0 0
0 0 0 0
2 2 0 0
0 0 0 1
END
0 13 10 0
0 0 0 0
3 0 0 0
0 0 0 0
END
0 0 0 0
0 0 0 0
17 0 20 0
4 0 0 0
END
0 0 9 0
0 13 0 0
0 0 0 5
0 0 0 0
END
0 0 0 0
10 0 3 0
0 0 0 15
0 0 0 21
END
0 0 0 0
0 0 8 0
0 0 0 0
2 1 0 0
END
0 0 0 0
0 0 13 0
0 0 0 0
10 0 0 7
END
0 0 0 0
0 0 20 0
0 0 2 0
0 0 0 9
END
0 0 6 0
0 0 0 0
1 0 0 0
0 20 0 0
END
0 4 0 13
0 0 0 0
0 5 0 0
0 0 0 0
END
9 0 14 17
0 0 0 0
0 0 0 0
0 0 0 0
END
0 0 0 0
1 0 0 8
0 21 0 0
0 0 0 0
END
0 0 0 0
0 20 0 0
0 21 0 0
3 0 7 0
END
0 0 0 0
0 4 18 0
0 0 5 0
0 7 0 0
END
0 0 10 0
0 0 0 0
0 3 0 2
0 0 0 0
END
0 0 0 8
0 3 0 0
0 0 0 0
4 5 0 0
END
4 17 0 0
0 0 0 0
0 0 0 0
4 0 0 0
END
15 0 7 0
0 0 0 0
0 0 0 0
0 0 0 2
END
5 1 0 0
0 0 0 1
0 4 0 0
0 0 0 0
END
0 0 0 0
10 7 0 0
0 0 0 0
0 0 0 4
END
0 0 0 0
0 3 3 0
0 0 0 16
4 0 0 0
END
0 0 0 18
9 0 0 0
0 2 0 0
0 0 0 0
END
0 0 0 0
0 0 0 21
0 0 0 0
0 20 4 4
END
0 4 0 3
18 16 0 0
0 0 0 0
0 0 0 0
END
5 0 0 0
0 0 0 0
0 0 3 0
0 0 0 21
END
0 0 0 0
0 0 3 0
2 0 0 0
2 0 1 0
END
0 0 9 0
0 0 0 6
0 0 0 1
0 0 0 0
END
0 0 0 0
0 0 0 0
4 0 0 11
0 0 0 1
END
0 0 0 0
0 0 1 0
4 0 0 0
0 9 0 11
END
0 12 0 0
0 0 0 0
0 5 0 0
20 3 0 0
END
0 1 0 14
0 0 0 0
0 10 0 0
0 0 0 0
END
0 0 0 0
16 0 0 0
0 0 0 0
0 19 3 0
END
0 0 1 0
0 0 0 0
0 0 0 10
0 0 19 0
END
0 0 0 0
21 0 3 0
0 0 5 0
0 0 0 0
END
0 1 0 0
2 0 0 0
0 0 7 0
0 0 0 5
END
0 0 21 0
0 0 0 1
0 1 0 0
0 0 0 0
END
0 15 0 0
0 0 0 0
0 0 0 8
4 0 0 0
END
0 0 0 0
0 0 0 0
0 7 0 0
6 0 0 3
END
0 0 0 0
0 0 21 0
19 0 1 0
0 0 7 0
END
0 0 0 0
9 7 0 0
0 10 0 0
0 0 0 0
END
0 0 9 0
0 0 0 0
11 0 0 0
0 0 0 14
END
0 0 13 0
0 0 0 0
0 0 0 0
0 10 9 0
END
6 0 0 0
0 0 2 0
0 0 0 1
8 0 0 0
END
0 4 0 0
1 0 0 19
0 0 0 0
0 0 0 0
END
0 0 10 0
9 4 0 0
0 0 0 0
0 0 0 0
END
0 0 9 3
0 0 5 21
0 0 0 0
0 0 0 0
END
0 0 0 11
0 0 0 0
0 0 2 0
0 3 0 0
END
0 0 0 4
5 0 0 0
0 0 0 0
0 3 0 0
END
0 14 0 0
0 0 0 0
0 0 0 2
0 0 0 2
END
0 0 0 0
0 0 0 0
1 5 0 0
0 0 10 0
END
0 0 0 0
9 0 19 0
4 0 3 0
0 0 0 0
END
0 0 0 1
0 0 0 0
0 0 0 4
0 0 0 10
END
0 0 0 0
0 0 0 0
0 12 0 0
4 0 9 5
END
0 0 0 0
0 10 0 0
1 0 0 0
0 11 0 0
END
0 0 0 0
0 3 0 5
8 0 0 0
0 0 0 0
END
0 0 0 0
7 0 0 0
0 0 0 12
9 0 0 0
END
0 0 0 0
0 0 2 1
0 0 0 0
0 1 0 0
END
0 1 0 0
0 0 0 0
0 0 9 4
0 0 0 0
END
0 0 0 0
0 0 0 12
0 0 0 0
0 21 2 0
END
0 0 5 0
0 0 0 0
0 0 0 0
0 2 0 3
END
0 6 1 0
0 0 0 0
20 0 0 0
0 0 0 4
END
0 0 0 0
0 0 0 2
0 0 4 0
0 15 0 0
END
2 0 0 0
16 0 0 0
0 0 4 0
0 14 0 0
END
0 10 0 0
0 0 0 0
2 0 0 0
7 0 0 7
END
0 0 6 0
0 14 0 0
3 0 0 0
0 0 10 0
END
0 0 12 0
0 0 0 0
0 0 0 2
2 0 0 0
END
0 0 0 0
0 0 1 0
16 0 0 0
0 18 0 0
END
19 0 0 0
0 0 0 5
0 0 0 0
0 0 1 0
END
0 0 0 0
0 0 0 0
6 0 9 0
14 0 0 0
END
7 0 0 6
0 0 0 0
0 0 0 0
0 0 0 13
END
4 0 0 0
0 20 0 0
0 0 0 2
0 0 13 0
END
21 0 0 0
0 0 0 3
8 0 0 0
0 0 0 0
END
1 0 0 0
0 21 0 0
0 0 0 0
0 15 0 15
END
0 0 0 6
0 4 1 0
0 0 0 6
0 0 0 0
END
18 0 0 0
0 0 17 0
0 2 0 0
0 0 21 0
END
0 0 0 0
5 21 0 0
0 0 8 0
0 0 0 14
END
0 0 7 0
0 19 0 0
15 0 0 0
0 0 0 0
END
0 0 0 0
3 0 0 0
3 0 0 0
0 20 0 0
END
0 0 0 11
0 0 0 0
0 5 0 0
0 0 0 17
END
0 0 0 0
0 4 9 0
0 4 0 0
0 0 0 0
END
0 0 0 14
0 0 0 0
0 0 0 0
10 0 15 18
END
0 0 0 0
1 4 0 0
0 0 0 0
4 0 10 0
END
0 0 0 0
0 0 0 5
0 0 0 0
16 0 11 0
END
0 0 0 9
0 0 0 13
17 19 0 0
0 0 0 0
END
0 13 0 10
0 0 0 0
0 0 0 0
4 0 0 21
END
0 0 0 10
0 0 0 0
0 1 0 0
0 0 3 0
END
1 0 0 0
0 0 11 0
0 0 15 0
0 0 0 0
END
0 16 0 0
0 0 0 0
1 0 0 0
0 9 0 0
END
0 0 0 0
0 0 3 0
12 0 0 0
0 0 4 0
END
15 0 0 0
0 0 0 0
0 16 0 1
0 0 0 0
END
0 0 9 0
0 0 0 13
0 0 0 16
0 0 0 0
END
0 0 0 0
4 14 0 3
0 0 0 0
0 0 0 0
END
0 0 15 0
0 0 0 14
0 4 0 5
0 0 0 0
END
0 0 3 0
0 16 0 0
0 0 0 0
0 7 2 0
END
0 16 0 0
0 15 0 0
0 0 0 0
11 0 2 0
END
0 3 0 21
0 0 0 0
0 0 0 0
7 0 0 0
END
0 0 0 18
0 8 0 0
0 0 0 0
13 0 0 8
END
7 20 0 0
0 0 0 0
0 0 0 0
0 2 0 0
END
0 0 0 0
0 0 0 0
0 0 0 10
0 8 12 0
END
0 0 0 2
20 0 0 0
1 0 0 0
0 0 0 0
END
5 5 0 0
0 0 0 0
0 0 2 0
0 0 0 0
END
16 5 0 0
0 0 0 1
0 0 0 0
8 0 0 0
END
0 0 0 0
0 0 0 0
1 14 0 2
0 2 0 0
END
3 0 0 0
0 0 10 0
0 0 0 0
0 0 0 5
END
0 6 0 3
0 0 4 0
0 0 17 0
0 0 0 0
END
0 0 2 0
0 0 0 20
21 0 0 0
0 0 0 0
END
0 0 21 0
0 0 0 0
0 0 12 0
0 0 19 5
END
2 0 0 0
21 0 0 18
0 0 0 0
0 0 0 0
END
0 0 0 0
0 0 0 0
18 0 0 2
0 6 0 0
END
7 0 0 6
0 0 0 0
0 0 0 0
0 5 0 0
END
0 0 0 12
0 0 0 21
0 0 0 0
2 0 0 0
END
0 0 16 0
10 0 0 0
0 0 0 0
0 7 0 0
END
17 0 0 0
0 0 0 2
0 2 0 0
0 0 7 0
END
0 0 0 0
0 0 0 0
0 4 0 0
6 0 0 8
END
0 0 0 0
0 21 0 2
0 0 0 0
0 8 4 0
END
0 0 0 5
0 0 14 2
0 0 0 0
0 0 0 0
END
0 0 0 0
0 0 0 0
0 0 0 0
0 4 10 8
END
0 0 0 0
0 0 0 0
0 21 0 0
4 0 0 8
END
5 0 0 3
1 0 0 0
0 0 4 0
0 0 0 0
END
0 0 1 0
0 6 0 0
0 0 0 0
0 0 10 0
END
10 0 0 0
0 0 0 15
0 0 0 0
0 0 8 3
END
0 0 0 12
0 0 0 0
20 5 0 0
0 0 0 0
END
0 0 0 1
0 0 0 0
11 0 0 0
5 9 0 0
END
3 0 0 0
0 0 0 0
0 6 0 5
0 0 0 0
END
0 0 0 0
2 0 0 9
0 0 0 6
0 0 0 0
END
0 6 0 15
0 0 13 0
3 0 0 0
0 0 0 0
END
0 5 0 0
0 0 0 0
19 0 0 0
0 18 0 0
END
0 0 0 0
0 0 0 0
0 0 0 0
18 0 20 3
END
0 9 6 0
0 0 0 0
0 0 0 4
0 0 20 0
END
0 0 0 1
13 0 0 0
0 0 0 0
0 0 16 0
END
0 13 0 0
10 0 0 1
0 0 0 0
0 0 0 0
END
0 0 0 0
0 0 0 3
18 2 0 0
0 0 0 0
END
0 0 0 0
2 0 0 0
0 0 18 0
3 0 0 0
END
0 0 3 0
5 0 3 0
0 0 0 0
0 0 0 0
END
0 0 0 0
0 0 5 0
3 0 0 2
3 0 0 0
END
0 0 0 0
3 0 0 2
1 0 0 0
0 0 0 0
END
0 3 8 0
0 5 0 0
0 0 0 0
0 0 0 7
END
0 0 0 0
0 17 0 5
0 0 0 0
0 8 0 0
END
0 0 0 0
0 0 3 0
21 6 0 0
0 0 0 21
END
0 0 1 0
0 0 0 0
1 0 0 0
14 0 3 0
END
0 0 0 0
0 0 0 0
0 0 2 0
21 0 15 0
END
4 0 0 3
2 0 2 0
0 0 0 0
0 0 0 0
END
0 0 4 0
0 0 0 0
0 0 0 0
0 0 18 21
END
0 2 8 0
0 0 0 16
0 0 0 0
0 0 0 0
END
0 0 14 0
9 0 16 0
7 0 0 0
0 0 0 0
END
0 0 0 15
0 0 0 0
0 20 9 0
0 0 0 0
END
0 0 3 4
0 0 0 0
0 0 0 3
0 0 0 0
END
0 0 2 11
0 0 0 0
20 0 0 0
0 0 0 0
END
0 0 0 0
0 11 0 1
0 0 0 0
0 0 0 4
END
0 0 0 0
0 3 3 0
6 0 0 0
0 0 0 0
END
10 0 0 2
0 0 0 0
0 4 0 17
0 0 0 0
END
0 6 13 0
5 5 0 0
0 0 0 0
0 0 0 0
END
18 0 0 0
0 0 0 3
0 0 0 0
5 0 0 0
END
1 0 0 6
0 0 0 0
0 0 0 0
0 11 0 0
END
2 0 0 0
0 0 4 0
0 0 20 0
6 0 0 0
END
0 0 0 17
0 0 9 0
0 2 0 0
0 0 0 0
END
0 0 0 0
0 13 0 0
0 0 1 0
0 21 0 0
END
0 0 0 0
0 0 0 0
6 9 0 0
18 11 0 0
END
0 0 10 0
14 0 0 0
0 0 0 4
0 0 0 0
END
0 4 0 0
10 0 0 2
0 0 0 0
0 0 0 0
END
10 0 0 0
0 11 0 0
0 0 0 0
0 15 0 0
END
0 0 0 3
0 0 0 0
0 0 0 0
4 5 0 0
END
0 2 0 18
0 0 0 0
0 0 21 0
0 0 0 0
END
0 0 18 0
0 0 0 0
0 5 8 0
0 0 0 0
END
0 0 0 0
0 0 2 18
0 0 3 0
0 0 0 0
END
0 6 0 0
5 0 0 0
0 0 0 0
4 3 0 0
END
0 6 0 0
5 0 0 0
0 0 0 0
0 1 0 0
END
0 0 0 0
0 0 0 0
0 3 0 11
0 0 16 0
END
16 0 17 0
0 0 0 0
0 12 0 4
0 0 0 0
END
0 0 0 0
0 19 13 0
3 0 0 0
0 10 0 0
END
0 0 0 2
0 0 0 0
0 9 0 0
2 15 0 0
END
0 0 0 4
8 0 0 0
0 0 0 3
0 0 0 0
END
0 0 0 0
0 0 0 2
0 0 20 20
0 0 4 0
END
0 0 0 9
0 0 0 0
2 0 0 0
0 0 14 0
END
0 0 2 0
4 0 0 13
0 20 0 0
0 0 0 0
END
0 0 0 0
8 0 2 0
0 0 0 0
0 0 1 0
END
0 0 0 0
1 3 0 0
0 0 0 0
0 0 0 5
END
0 1 0 0
0 0 0 8
0 0 21 0
0 0 0 0
END
18 0 1 0
0 0 0 2
0 0 0 0
0 0 0 0
END
4 0 0 3
0 0 0 0
0 0 0 0
0 10 0 5
END
0 0 0 0
0 0 4 21
0 0 0 0
0 0 10 0
END
3 0 0 0
0 0 0 0
3 0 0 0
2 0 0 0
END
0 0 0 0
0 0 0 0
0 0 0 0
5 1 2 0
END
0 1 0 0
0 9 0 0
0 0 0 0
5 0 0 0
END
2 0 0 0
0 0 0 0
0 1 0 12
0 0 0 10
END
0 0 0 0
1 0 0 5
0 0 0 0
0 5 0 21
END
0 0 0 19
0 0 0 4
0 0 0 0
0 0 10 0
END
0 0 0 0
4 16 0 0
0 1 0 0
4 0 0 0
END
0 7 0 0
0 0 12 0
0 0 5 0
0 0 0 0
END
0 21 0 8
9 0 0 0
0 0 0 0
0 0 0 0
END
0 0 0 0
0 0 0 0
0 0 5 21
3 11 0 0
END
0 1 0 4
0 4 0 0
0 0 0 0
0 0 0 0
END
0 0 0 0
0 0 0 0
0 0 7 0
0 0 3 2
END
0 0 0 0
12 4 0 0
3 0 0 2
0 0 0 0
END
0 0 0 0
9 0 0 1
2 0 0 0
0 0 0 0
END
0 0 0 0
5 0 0 0
0 0 0 0
20 3 0 2
END
0 0 0 0
3 19 0 0
0 0 10 0
0 0 0 0
END
0 0 0 11
0 0 0 9
0 0 0 0
0 0 20 0
END
0 17 12 0
0 0 0 0
0 0 1 0
0 0 0 0
END
0 0 0 0
21 0 0 0
0 0 0 3
0 0 8 11
END
17 0 4 0
0 0 0 0
0 0 0 18
0 0 0 0
END
4 0 3 0
0 4 0 0
0 0 0 0
3 0 0 0
END
1 0 0 0
2 0 0 0
0 0 0 0
0 0 0 19
END
0 0 0 0
0 10 0 0
0 0 0 12
0 9 0 0
END
11 0 0 0
0 0 0 3
0 0 0 0
0 9 0 0
END
5 0 0 0
0 1 0 0
0 0 0 0
3 8 0 0
END
17 0 0 1
0 0 0 0
0 17 0 0
0 0 0 0
END
0 3 0 0
17 0 0 0
0 0 0 0
20 0 19 0
END
14 0 0 0
0 0 0 0
0 0 0 0
0 0 7 3
END
0 1 6 0
0 0 0 0
0 0 0 0
0 3 0 0
END
0 0 0 0
13 0 0 0
4 0 0 0
17 0 0 0
END
5 0 0 0
0 1 14 0
0 0 4 0
0 0 0 0
END
0 0 5 12
0 0 0 20
0 0 0 0
0 0 0 0
END
2 0 0 0
5 6 0 0
0 0 0 0
0 0 0 0
END
0 9 4 0
0 13 0 0
0 0 0 0
0 0 0 0
END
0 0 0 8
0 0 0 0
0 0 13 0
4 0 0 0
END
0 0 0 2
0 0 0 0
0 7 0 5
0 10 0 0
END
0 0 0 0
0 3 0 0
1 0 0 0
0 0 0 5
END
0 0 0 0
5 0 0 0
5 0 0 0
8 0 0 0
END
19 1 0 0
0 0 0 0
0 0 0 0
21 0 0 0
END
0 4 0 0
0 0 0 0
4 0 0 0
0 0 4 0
END
0 0 0 0
0 0 0 0
0 0 5 2
0 0 4 0
END
0 0 0 0
0 0 0 5
1 18 0 0
0 0 0 0
END
0 0 0 0
9 0 0 0
0 2 0 1
0 0 0 0
END
0 9 0 0
20 0 0 0
3 0 0 0
0 0 0 0
END
0 0 0 0
5 0 0 0
6 0 0 0
8 0 0 0
END
0 0 0 0
0 4 0 10
0 3 0 0
0 0 0 0
END
5 0 0 0
0 0 0 18
0 0 4 0
0 0 0 0
END
17 0 0 3
0 0 0 0
0 0 0 0
0 0 15 0
END
0 0 0 20
5 0 0 0
0 0 0 0
0 0 0 5
END
0 0 0 3
0 21 0 0
8 0 0 0
0 0 7 0
END
0 0 0 0
18 0 0 5
0 0 0 0
0 1 0 0
END
0 0 0 0
0 0 0 0
0 0 21 6
0 0 2 0
END
0 0 0 0
0 0 0 0
0 0 4 0
0 0 10 18
END
0 0 0 5
4 0 0 0
0 0 10 0
0 0 0 0
END
0 21 0 0
0 0 5 0
0 21 0 1
0 0 0 0
END
0 0 0 0
0 0 12 0
0 0 0 0
2 0 17 0
END
21 0 0 0
0 0 0 20
4 0 0 0
0 0 0 0
END
0 0 21 14
0 0 0 0
13 0 0 0
0 0 0 0
END
11 0 0 0
0 0 0 4
0 0 0 0
8 0 0 0
END
8 0 8 0
0 0 0 0
0 0 2 0
0 0 0 0
END
2 5 0 0
8 0 0 0
0 0 0 0
3 0 0 0
END
0 0 3 0
0 0 0 0
0 0 21 4
0 0 0 0
END
0 0 0 0
0 0 0 0
2 0 0 0
1 0 0 7
END
11 0 0 1
0 9 0 0
0 0 0 10
0 0 0 0
END
0 0 0 9
0 0 0 0
0 0 0 0
5 0 0 2
END
0 0 0 0
5 0 0 19
0 0 21 0
0 0 0 0
END
0 0 0 4
0 0 0 0
1 0 0 0
1 0 0 0
END
0 17 14 3
0 0 0 0
0 0 0 16
0 0 0 0
END
0 9 0 16
0 16 0 0
0 0 0 0
0 0 0 0
END
0 0 8 12
0 10 0 0
0 0 0 0
0 0 0 0
END
0 4 3 6
0 4 0 0
0 0 0 0
0 0 0 0
END
0 1 8 4
0 0 0 0
0 0 1 0
0 0 0 0
END
2 0 0 3
0 0 0 0
0 0 0 3
0 0 0 0
END
0 0 0 11
0 0 0 0
0 0 0 0
0 2 0 13
END
0 0 0 3
0 0 0 0
0 0 0 0
0 7 2 0
END
19 0 7 0
4 0 0 0
0 0 0 0
0 0 0 0
END
0 11 0 7
5 0 0 0
0 0 0 0
0 0 0 0
END
0 1 0 0
0 0 0 0
0 0 0 5
5 0 0 0
END
0 0 0 2
0 3 0 0
0 11 17 0
0 0 0 0
END
0 0 0 0
4 0 0 1
4 0 0 0
0 0 0 0
END
0 0 0 11
0 8 0 0
0 0 0 4
0 0 3 0
END
7 2 0 0
0 0 0 0
0 6 0 0
0 8 0 0
END
0 0 0 0
0 14 0 0
0 0 1 4
0 0 0 0
END
0 0 5 0
0 0 0 0
0 0 13 0
0 13 0 0
END
0 0 0 0
4 0 0 0
4 0 0 0
20 0 0 0
END
14 0 0 0
0 0 0 0
0 0 18 0
11 0 0 10
END
0 0 0 0
0 0 0 0
0 0 0 13
5 0 0 8
END
0 0 0 1
0 0 0 0
0 0 0 8
0 1 20 0
END
0 7 0 0
0 9 0 0
0 0 0 4
0 8 0 0
END
6 0 0 0
0 0 0 10
0 0 10 5
0 0 0 0
END
0 0 0 0
0 7 0 0
16 1 0 0
0 0 0 0
END
0 0 0 9
0 0 3 0
0 0 0 0
6 0 0 0
END
0 0 0 0
0 0 0 0
0 0 17 0
7 0 3 0
END
0 0 0 0
0 0 2 0
0 0 0 0
7 0 13 0
END
8 3 0 0
18 0 0 0
0 0 0 0
0 0 0 0
END
0 0 0 0
7 0 0 0
0 0 3 0
0 0 0 4
END
6 0 0 1
14 0 0 0
0 0 0 0
0 0 0 0
END
0 0 0 0
8 0 0 0
0 0 0 0
2 0 9 1
END
0 0 0 0
0 0 0 0
0 0 0 5
10 0 0 6
END
4 5 0 0
0 0 0 0
0 0 0 0
0 0 1 0
END
0 3 0 0
0 0 0 0
0 3 0 0
0 0 16 0
END
18 0 0 0
6 5 0 0
4 0 0 0
0 0 0 0
END
0 0 0 3
0 11 0 0
0 0 0 5
0 0 16 0
END
0 6 0 10
0 0 0 14
0 5 0 0
0 0 0 0
END
0 0 0 0
5 0 0 0
0 0 0 0
2 0 3 0
END
0 0 0 0
0 0 0 0
3 0 0 15
9 0 0 0
END
0 0 0 5
0 0 0 2
3 0 0 0
0 0 2 0
END
0 0 0 0
0 3 0 0
17 0 0 0
10 0 0 0
END
0 0 12 0
0 4 0 0
0 0 0 0
0 18 0 0
END
18 0 0 0
0 0 0 0
0 12 6 0
0 0 0 0
END
0 2 0 10
13 0 0 0
0 0 0 0
0 0 0 0
END
0 3 3 0
0 0 0 0
0 0 0 2
0 0 0 0
END
0 0 6 0
0 0 0 1
16 0 1 0
0 0 0 0
END
0 16 0 0
0 0 0 0
0 0 0 0
11 10 0 0
END
4 0 0 5
0 0 0 0
0 0 4 0
0 0 0 0
END
0 1 0 0
0 0 0 0
0 15 0 0
0 0 0 2
END
0 0 0 5
0 0 0 0
0 0 0 17
0 20 0 20
END
0 0 1 0
21 0 0 0
0 0 0 0
0 0 10 0
END
0 0 2 0
0 0 3 0
3 0 0 0
0 0 0 0
END
0 0 0 0
0 0 0 9
1 0 0 0
3 0 0 0
END
0 14 0 0
0 0 0 0
0 4 0 0
8 0 0 0
END
0 0 0 8
0 5 0 0
0 0 8 0
0 0 0 0
END
0 0 0 0
15 0 5 0
0 0 0 0
1 2 0 0
END
0 0 16 0
0 0 0 0
0 0 0 0
4 11 0 0
END
0 6 0 0
0 13 0 0
0 0 0 0
6 0 21 0
END
0 0 0 0
9 0 0 0
1 0 3 0
0 0 0 0
END
0 0 3 0
0 0 0 0
2 0 0 0
0 9 4 0
END
0 0 0 8
0 0 0 0
0 0 0 9
0 0 0 4
END
0 0 0 0
10 0 0 0
0 0 0 9
0 0 0 5
END
0 0 0 0
0 11 0 0
0 3 0 1
0 0 0 0
END
10 0 0 21
0 0 0 0
0 0 0 0
0 0 2 0
END
0 0 0 0
0 0 3 20
0 0 0 2
0 0 0 0
END
0 13 0 4
0 0 0 0
0 0 0 9
0 0 0 0
END
7 0 0 0
0 0 0 12
0 0 0 5
0 0 0 0
END
0 0 0 7
15 0 0 0
0 0 0 0
4 0 0 0
END
0 0 0 0
0 0 17 0
21 0 0 0
0 0 0 5
END
8 0 19 0
0 0 0 0
10 0 0 0
0 0 0 0
END
0 2 0 0
15 0 0 16
3 0 0 0
0 0 0 0
END
0 0 2 0
0 2 3 0
0 0 0 7
0 0 0 0
END
0 0 5 0
0 0 0 0
0 0 2 0
0 0 0 10
END
1 0 0 0
0 13 0 0
0 0 0 0
0 3 10 0
END
0 0 0 0
0 0 0 0
19 0 0 0
0 0 18 1
END
0 0 0 0
15 0 0 0
17 0 0 0
0 14 0 0
END
0 0 0 0
0 0 5 0
10 0 0 0
16 0 0 0
END
0 0 12 0
0 0 21 0
0 0 0 0
0 5 0 2
END
12 0 14 0
0 0 0 0
0 0 0 0
0 7 0 1
END
0 0 1 0
2 0 0 0
0 0 0 0
0 9 0 0
END
0 0 0 19
0 0 0 0
6 8 0 0
1 0 0 0
END
4 0 0 0
8 5 0 0
0 0 0 0
0 5 0 0
END
0 0 0 0
0 21 0 6
0 0 0 10
0 0 6 0
END
0 0 0 0
0 1 0 0
0 0 0 0
0 5 15 0
END
0 0 0 0
6 0 0 0
0 0 0 0
0 3 0 2
END
0 0 5 12
0 0 5 0
0 0 0 0
0 0 0 0
END
0 0 0 21
0 0 0 0
0 0 6 17
0 0 8 0
END
0 0 7 0
0 0 0 0
0 0 0 0
0 9 0 3
END
0 0 0 0
0 0 0 0
0 3 0 0
17 0 20 0
END
0 6 5 0
0 0 0 0
0 0 0 9
0 0 11 0
END
0 0 0 0
0 1 6 4
0 0 0 0
0 0 0 0
END
0 0 0 0
0 0 0 6
0 4 0 0
0 4 0 0
END
0 0 0 0
0 0 0 0
0 10 0 5
0 3 0 0
END
7 0 0 0
0 0 0 0
0 0 0 4
21 0 0 0
END
0 0 8 0
0 13 0 0
0 0 0 9
0 0 0 0
END
0 0 0 0
4 0 0 0
0 17 0 3
0 0 0 0
END
0 2 0 0
0 0 0 3
10 0 0 0
0 0 13 0
END
5 0 0 0
0 0 0 0
4 0 0 0
0 0 0 9
END
0 0 0 10
0 0 0 0
3 5 0 0
0 0 0 0
END
10 5 0 0
0 0 6 0
13 0 0 0
0 0 0 0
END
0 16 14 0
0 0 0 7
0 0 0 0
0 0 0 0
END
0 0 1 3
0 0 0 0
0 0 0 10
0 0 0 0
END
0 0 0 0
0 2 0 0
0 4 1 0
0 0 0 0
END
0 0 0 0
0 0 0 0
2 0 0 0
20 0 9 0
END
0 0 0 0
0 0 0 18
14 0 0 0
14 0 0 0
END
14 0 0 0
0 9 0 0
0 0 0 0
0 3 0 0
END
0 0 0 8
0 0 0 19
0 0 0 0
0 1 0 0
END
0 0 0 0
0 0 0 0
0 0 0 5
11 14 0 0
END
0 0 0 0
0 0 0 2
0 5 0 0
0 0 0 5
END
0 0 0 0
0 0 0 17
8 11 0 4
0 0 0 0
END
0 2 0 0
0 0 0 0
0 0 11 0
3 0 0 0
END
0 2 0 0
0 20 0 1
0 0 18 0
0 0 0 0
END
0 0 0 0
0 16 0 0
0 0 0 15
0 13 0 0
END
0 7 0 0
0 0 0 0
10 0 0 0
8 0 0 0
END
0 1 0 0
0 0 0 0
0 11 0 0
0 19 0 0
END
0 20 0 0
0 5 13 0
0 0 0 17
0 0 0 0
END
0 9 0 0
0 0 0 0
0 0 0 0
0 16 0 18
END
0 1 3 0
0 0 0 0
0 0 0 0
0 0 0 3
END
1 0 0 0
0 0 0 0
0 0 0 0
0 21 0 13
END
0 3 0 0
0 0 0 8
0 0 0 0
0 0 6 0
END
0 0 0 0
0 4 0 0
0 0 0 0
13 0 0 21
END
1 0 4 0
0 0 0 0
0 0 3 0
0 0 0 3
END
6 0 0 0
4 0 0 0
0 6 0 0
0 0 0 0
END
0 1 0 0
0 0 0 7
0 0 0 4
0 0 0 0
END
0 0 2 0
2 4 0 0
0 0 0 0
0 0 0 2
END
0 0 0 0
0 0 0 0
0 0 0 0
8 1 0 1
END
0 0 3 0
0 0 0 4
0 0 0 5
0 0 0 0
END
0 5 0 0
11 2 0 0
0 0 0 0
0 0 0 0
END
0 3 0 0
0 0 1 7
0 0 0 0
0 0 0 0
END
0 0 0 0
2 3 0 0
0 0 0 16
0 0 0 0
END
0 0 0 0
1 0 0 0
0 0 0 0
1 0 0 6
END
0 0 0 0
0 0 10 0
0 2 0 5
0 0 0 0
END
0 9 0 10
0 7 0 0
0 0 0 0
0 0 0 0
END
16 0 2 0
0 0 0 0
0 0 0 0
0 8 0 0
END
0 0 0 0
0 0 0 10
5 0 0 0
0 0 0 4
END
0 0 0 0
6 0 7 0
0 0 17 0
0 0 1 0
END
0 8 0 0
21 0 0 2
0 0 0 0
0 0 0 0
END
0 0 0 13
17 0 0 0
0 0 0 0
1 0 0 0
END
0 0 16 0
5 0 0 3
21 0 0 0
0 0 0 0
END
0 0 9 0
0 0 0 0
9 17 0 0
0 0 0 0
END
0 0 0 0
0 0 12 0
0 2 0 0
13 0 0 0
END
0 0 6 0
0 0 0 0
0 0 19 0
0 0 0 12
END
0 0 2 0
9 0 0 0
0 0 0 2
0 0 0 0
END
0 0 10 0
21 0 0 0
0 0 7 0
0 0 0 0
END
0 0 0 2
0 3 0 0
0 0 0 0
0 0 3 7
END
0 0 0 0
1 0 0 0
0 0 0 7
6 0 0 3
END
0 0 3 0
0 0 0 18
0 0 0 0
2 0 7 0
END
0 0 0 0
0 0 7 0
0 8 3 0
0 0 0 1
END
12 0 0 0
0 10 0 0
0 0 0 0
0 3 0 0
END
0 0 0 1
0 0 0 0
0 0 13 0
0 8 0 0
END
9 16 0 0
0 0 10 2
0 0 0 0
0 0 0 0
END
0 9 0 0
0 0 0 0
0 11 0 0
7 0 0 0
END
0 15 9 0
0 0 0 0
0 0 8 0
0 0 13 0
END
0 0 1 0
0 0 0 0
4 9 0 0
0 0 0 0
END
0 3 0 0
0 0 0 0
0 0 0 5
0 5 0 8
END
1 0 0 0
2 7 0 0
0 0 0 0
16 0 0 0
END
0 4 0 0
0 0 0 0
0 5 0 0
0 0 0 2
END
0 0 1 0
0 0 0 0
18 2 0 0
0 0 0 0
END
0 0 0 0
0 0 0 2
5 0 10 0
0 18 0 0
END
0 8 0 0
0 0 0 11
0 8 0 0
0 0 0 0
END
0 0 0 9
0 0 0 0
8 2 0 0
5 0 0 0
END
0 0 0 0
0 0 20 0
0 2 0 0
0 2 0 0
END
0 1 0 0
0 0 0 0
5 0 0 7
0 0 0 10
END
0 0 0 6
0 0 0 8
0 0 2 0
0 0 0 0
END
2 3 5 0
0 0 0 0
0 0 0 0
0 0 0 0
END
1 0 0 13
0 0 0 0
0 0 0 0
8 0 0 0
END
2 0 0 0
0 0 1 0
0 0 0 6
0 0 0 0
END
0 0 0 0
0 4 11 7
0 0 0 0
0 0 0 0
END
0 0 0 0
6 0 5 0
0 0 0 0
0 0 9 0
END
0 20 0 0
5 0 0 0
0 0 0 0
4 0 0 0
END
19 12 0 0
0 0 0 0
0 21 1 0
0 0 0 0
END
0 0 0 0
4 0 0 0
0 13 0 0
0 7 0 0
END
0 0 21 0
0 0 0 0
10 0 0 2
0 0 0 0
END
11 0 0 0
0 0 0 10
0 0 0 0
0 0 15 0
END
0 0 0 4
0 0 2 0
10 0 0 0
6 0 0 0
END
0 0 0 0
0 0 0 3
0 0 2 0
0 0 0 3
END
0 0 6 0
0 0 0 9
5 0 0 0
0 0 0 0
END
0 0 0 1
19 0 0 2
0 0 0 0
0 0 0 0
END
0 0 0 0
0 0 0 12
0 16 0 15
0 0 0 0
END
0 0 0 0
9 0 0 8
4 0 0 0
0 0 0 0
END
0 0 0 2
15 0 0 0
0 0 7 0
0 0 4 0
END
17 0 2 0
0 0 0 0
0 0 4 0
0 0 0 0
END
0 18 0 0
0 3 0 0
0 4 0 0
1 0 0 0
END
0 2 0 8
0 0 0 10
0 0 0 0
0 0 0 0
END
3 0 9 0
0 0 0 0
3 0 0 1
0 0 0 0
END
0 0 0 0
0 0 0 5
0 0 2 0
0 3 0 1
END
0 0 0 0
0 9 0 0
0 1 0 0
6 0 0 4
END
0 0 0 0
17 0 0 0
3 4 0 0
0 21 0 0
END
0 0 0 19
0 10 0 0
18 0 0 0
0 0 0 0
END
0 0 0 0
0 0 1 0
9 18 0 7
0 0 0 0
END
0 19 0 0
2 0 0 0
0 0 0 0
1 5 0 0
END
0 0 0 0
5 0 15 0
0 10 0 0
0 0 11 0
END
6 0 0 0
0 1 0 0
0 0 0 0
0 5 0 8
END
0 0 0 0
0 13 0 7
21 0 0 0
0 0 0 11
END
6 0 1 0
0 0 0 0
4 0 0 0
0 0 0 0
END
0 1 0 0
21 0 0 0
3 0 9 0
0 0 0 0
END
0 4 0 2
0 3 0 0
0 0 0 0
0 0 0 0
END
0 0 0 0
0 0 0 0
10 0 0 2
5 1 0 0
END
1 0 0 21
0 0 3 0
0 0 0 0
0 0 3 0
END
0 0 0 0
0 0 0 5
0 5 0 12
0 0 4 0
END
0 0 5 0
5 5 0 0
0 0 0 0
0 0 0 0
END
0 0 4 0
0 0 21 4
0 0 0 0
0 0 0 0
END
16 0 0 0
0 4 0 0
4 0 0 0
0 0 0 0
END
0 0 0 0
9 0 0 0
0 1 4 0
0 0 0 0
END
0 0 0 0
0 0 0 0
0 8 0 0
0 21 6 0
END
10 0 5 0
0 0 5 0
0 0 0 0
4 0 0 0
END
0 0 0 0
0 0 3 4
0 0 0 0
0 0 0 4
END
4 0 0 0
0 3 0 0
0 0 0 0
5 0 0 0
END
5 0 0 0
0 0 0 0
0 0 0 0
1 5 0 0
END
0 0 0 5
0 0 0 0
12 0 0 0
0 1 0 0
END
1 0 0 0
19 0 0 0
0 0 0 0
0 0 5 0
END
0 0 0 0
0 8 0 0
0 1 0 0
0 0 0 15
END
0 0 0 0
0 0 0 13
0 0 0 0
0 5 3 0
END
0 0 16 12
0 0 16 0
0 13 0 0
0 0 0 0
END
0 0 0 0
0 3 0 6
0 0 0 0
0 1 0 0
END
0 0 0 0
0 0 0 0
0 0 0 0
6 0 12 11
END
0 0 0 4
0 0 0 0
4 0 0 0
0 4 0 0
END
0 0 0 0
0 7 0 0
0 0 0 0
2 19 0 1
END
7 0 0 0
0 1 0 0
0 5 0 0
0 14 0 0
END
20 0 4 0
0 0 0 0
0 0 0 0
0 0 18 0
END
0 12 0 0
0 0 5 0
0 7 0 0
0 0 0 0
END
0 0 0 0
9 0 1 0
0 0 0 3
0 0 0 0
END
0 0 2 0
3 4 0 0
0 0 0 0
0 0 0 0
END
0 0 0 0
12 0 0 0
3 17 0 0
0 1 0 0
END
0 0 0 5
0 0 0 0
9 3 0 0
0 0 0 0
END
0 0 0 0
0 0 10 8
0 0 0 0
0 0 18 0
END
5 0 0 0
0 0 0 5
0 0 0 0
0 0 0 19
END
0 0 0 0
0 0 0 0
0 0 2 0
0 0 9 4
END
0 0 4 0
18 0 0 0
15 0 0 0
0 0 0 0
END
0 0 0 9
0 0 0 0
5 0 0 0
0 8 0 0
END
0 1 18 0
5 0 2 0
0 0 0 0
0 0 0 0
END
0 4 7 0
0 0 0 0
0 0 0 0
0 0 0 9
END
0 19 10 0
0 0 0 0
0 3 4 0
0 0 0 0
END
0 0 0 8
4 0 0 0
0 1 0 0
0 13 0 0
END
0 0 0 1
0 0 0 0
0 0 0 10
0 0 0 4
END
0 0 0 0
0 2 0 0
0 16 0 0
1 10 0 0
END
3 0 0 0
0 0 0 0
4 0 0 0
0 0 4 0
END
0 4 0 0
0 0 0 0
0 0 17 0
0 0 0 12
END
4 0 0 0
0 0 0 5
0 0 0 0
0 5 0 0
END
0 0 0 7
0 0 3 0
0 0 0 1
0 0 0 0
END
0 0 0 0
0 0 0 0
0 21 0 0
0 4 0 20
END
0 7 7 0
0 0 9 0
0 0 0 0
0 7 0 0
END
0 0 0 0
7 0 0 0
0 0 3 0
3 0 0 0
END
14 0 0 3
0 0 0 0
0 1 0 0
0 0 0 0
END
1 0 0 0
0 16 2 0
0 0 0 0
0 0 0 0
END
0 0 0 0
3 2 0 0
0 0 0 0
0 0 0 10
END
0 15 2 0
0 3 5 0
0 0 0 0
0 0 0 0
END
0 3 5 0
0 0 0 0
0 0 4 0
0 5 0 0
END
20 0 0 0
0 7 0 0
0 0 0 0
7 6 0 0
END
0 0 0 0
0 0 0 0
0 0 5 1
2 0 0 0
END
0 0 0 3
0 3 0 18
0 0 0 0
0 0 0 9
END
5 0 0 21
0 0 0 0
8 0 0 0
0 0 0 0
END
0 0 0 10
0 0 0 5
0 0 0 5
0 0 0 0
END
0 16 0 0
0 1 0 0
0 10 0 0
0 0 0 0
END
0 0 0 0
0 0 0 0
0 0 0 10
0 4 0 5
END
0 0 0 0
1 0 0 0
8 0 0 0
18 0 0 17
END
0 0 0 0
0 2 0 0
0 21 0 0
0 0 0 12
END
0 0 0 0
0 0 0 19
2 0 0 0
0 0 21 0
END
0 0 0 0
0 0 5 0
0 0 0 0
0 1 0 3
END
0 7 0 15
0 0 0 0
0 0 0 0
1 0 0 0
END
0 6 0 0
0 0 0 0
0 0 1 0
0 0 20 0
END
0 0 15 0
0 0 2 0
0 0 0 0
2 0 0 0
END
0 0 0 1
0 0 0 0
0 0 1 0
7 0 0 14
END
6 0 0 0
0 0 2 0
0 0 0 4
0 0 0 0
END
2 0 0 0
0 0 0 0
0 0 0 0
0 1 21 0
END
0 3 0 0
0 0 0 0
2 0 0 0
0 15 8 0
END
0 0 0 0
0 0 0 2
0 0 12 0
0 20 0 0
END
0 0 0 0
15 0 0 0
9 17 0 0
0 0 0 0
END
0 12 0 0
1 0 0 0
0 0 0 0
15 1 0 0
END
2 0 0 0
18 0 0 18
0 3 0 0
0 0 0 0
END
0 0 21 1
0 0 0 0
0 0 0 21
0 0 0 21
END
0 9 0 0
0 0 3 0
2 0 0 0
17 0 0 0
END
0 0 0 0
4 0 0 0
0 6 0 0
0 5 0 3
END
0 0 0 0
14 7 2 0
0 0 0 0
0 0 0 9
END
0 0 0 0
0 0 15 0
0 0 14 0
0 0 21 0
END
0 0 4 0
0 0 0 5
0 0 0 0
21 0 8 0
END
0 6 0 0
0 0 0 0
0 16 0 8
0 0 0 0
END
0 0 0 0
0 0 0 20
0 0 0 0
0 0 2 4
END
1 0 0 0
0 0 1 0
0 17 6 0
0 0 0 0
END
0 0 0 12
0 0 8 0
0 0 0 0
2 0 0 0
END
0 0 0 2
2 0 6 0
0 0 0 0
0 0 0 0
END
0 0 1 0
0 0 0 0
0 0 20 18
0 0 0 0
END
0 2 0 3
0 0 0 0
0 18 0 0
0 0 0 0
END
10 0 0 0
0 4 0 0
0 4 0 10
0 0 0 0
END
2 0 0 0
7 0 0 0
0 0 0 9
0 0 0 0
END
0 0 0 0
4 0 3 0
0 0 0 0
8 0 0 0
END
18 0 0 0
16 0 0 0
0 0 0 0
0 0 3 0
END
2 0 0 0
1 0 0 0
19 0 0 0
0 0 0 0
END
0 0 0 0
0 0 0 0
9 12 0 0
0 0 14 0
END
0 0 0 0
0 0 0 0
10 0 0 5
0 0 21 0
END
0 0 0 0
5 0 0 0
5 11 0 0
0 0 0 0
END
0 0 0 0
0 0 7 0
0 0 0 0
3 3 7 0
END
7 0 0 0
16 0 0 0
0 0 0 1
0 0 0 2
END
10 0 1 0
0 0 8 0
0 0 15 0
0 0 0 0
END
0 0 0 2
0 0 0 0
0 0 3 0
0 0 1 0
END
20 0 0 0
0 0 0 11
12 0 0 0
0 21 0 0
END
0 0 0 21
2 0 0 12
0 0 0 0
0 0 0 0
END
0 0 0 6
0 0 0 1
4 0 0 0
0 0 0 14
END
0 0 0 0
0 0 0 0
0 3 0 0
0 0 2 11
END
5 0 0 0
13 0 1 0
0 0 0 0
0 0 0 0
END
0 0 3 0
5 0 0 0
0 0 0 0
0 5 0 0
END
4 8 0 5
0 0 0 0
0 0 0 0
0 0 0 0
END
0 0 9 0
0 17 0 0
16 0 0 0
0 0 0 0
END
0 0 1 0
0 0 1 0
0 0 0 5
0 0 0 0
END
0 0 0 0
0 0 1 0
0 0 1 0
0 5 0 0
END
0 0 20 0
3 0 0 0
18 0 0 0
0 0 0 0
END
0 0 0 0
0 0 0 0
9 1 0 3
0 0 3 0
END
10 0 0 0
0 0 0 0
0 0 0 0
0 16 4 0
END
0 0 0 0
0 0 10 0
0 5 0 20
0 10 0 0
END
0 2 0 4
0 0 15 0
1 0 0 0
0 0 0 0
END
0 21 0 0
0 2 1 0
0 0 0 0
0 0 0 0
END
0 0 0 17
0 0 0 0
0 0 5 0
0 0 9 0
END
0 0 0 0
0 0 0 0
8 0 1 0
18 0 0 0
END
0 3 0 0
0 0 0 0
0 16 12 0
15 0 0 0
END
0 4 0 0
0 0 0 0
0 0 0 4
0 0 2 0
END
15 0 0 0
5 0 0 0
0 0 0 0
5 0 0 0
END
0 0 20 0
0 0 0 0
3 0 0 0
4 0 0 0
END
0 0 0 0
0 0 0 0
0 17 0 6
0 0 0 17
END
0 0 0 0
0 0 0 0
0 21 0 0
0 0 7 6
END
