20 36 5 30 1000
22 5 0 31 0
0 0 0 0 0
0 0 0 0 3
0 0 6 0 0
4 0 0 0 0
END
25 0 0 18 0
0 0 0 0 25
9 0 0 0 0
5 0 0 0 0
31 0 0 0 0
END
0 22 0 10 0
0 0 2 0 0
0 0 13 0 0
0 0 0 0 25
0 31 0 0 0
END
0 2 0 0 0
0 0 0 0 6
0 0 0 0 0
0 14 0 4 0
31 0 0 0 13
END
0 0 0 0 0
27 0 19 0 2
0 0 24 0 0
0 24 0 0 0
21 0 0 0 0
END
0 0 10 0 0
0 0 0 0 31
0 17 0 0 0
2 0 0 0 0
0 0 30 0 12
END
6 0 0 0 18
14 0 0 0 0
0 0 0 8 0
0 5 0 0 0
0 3 0 0 0
END
0 0 0 0 3
0 0 0 21 0
0 0 0 0 0
4 6 0 0 0
18 0 0 0 0
END
14 3 0 0 0
0 7 0 0 0
0 0 0 0 0
0 0 5 0 0
0 0 0 14 0
END
0 0 0 0 0
3 3 0 0 0
0 0 0 0 6
0 0 0 0 31
0 0 6 6 0
END
0 1 0 20 0
25 8 0 0 0
0 0 0 0 0
13 0 0 0 0
0 0 0 31 0
END
0 0 0 0 17
0 0 0 26 0
0 0 15 0 0
24 0 0 0 0
0 0 0 7 29
END
0 0 15 0 11
0 0 0 28 0
0 0 4 0 0
0 0 0 0 3
0 0 0 0 0
END
0 0 0 0 0
0 0 0 8 0
0 0 0 7 0
30 0 9 3 0
0 0 0 0 3
END
0 0 0 3 0
31 0 0 0 12
0 0 0 0 2
0 0 0 0 0
0 0 31 27 0
END
0 27 0 0 0
4 0 0 0 8
0 0 0 1 0
0 0 3 0 0
0 0 0 0 12
END
0 0 0 0 0
8 30 0 0 0
0 31 0 31 0
0 7 0 0 0
3 0 0 0 0
END
0 24 0 0 0
0 3 0 0 0
0 0 0 0 14
2 0 0 21 0
0 0 0 0 4
END
20 0 0 0 6
0 15 0 0 0
0 0 0 0 0
0 0 1 0 0
22 1 0 0 0
END
0 8 0 0 8
0 0 0 0 0
0 0 0 0 0
5 0 0 4 0
0 0 30 0 0
END
0 4 0 7 17
31 0 0 0 0
0 0 0 12 0
0 0 0 0 0
5 0 0 0 0
END
0 4 5 0 0
3 0 0 0 0
0 0 2 0 0
10 0 23 0 0
0 0 0 0 0
END
0 23 8 0 0
0 0 0 0 0
0 0 0 0 26
0 0 0 0 14
5 0 4 0 0
END
0 13 0 0 0
27 0 0 0 0
0 31 0 0 0
0 0 0 13 0
18 0 4 0 0
END
0 0 0 0 0
1 3 0 0 0
0 0 0 0 0
0 0 0 0 0
0 7 9 14 0
END
0 0 0 0 0
1 0 0 0 31
22 0 0 7 0
3 3 0 0 0
0 0 0 0 0
END
31 0 0 0 0
3 0 13 0 7
0 0 2 0 0
0 0 0 0 0
0 0 0 15 0
END
7 0 0 0 20
0 0 0 0 0
0 0 0 3 0
0 0 8 0 10
0 0 17 0 0
END
23 22 0 0 0
0 6 0 0 0
0 0 0 0 0
0 0 0 31 0
0 0 11 11 0
END
0 0 0 0 9
0 0 0 0 6
5 0 2 0 0
0 21 4 0 0
0 0 0 0 0
END
3 0 0 15 0
0 0 0 0 31
0 0 0 0 0
0 0 6 31 0
0 0 0 0 15
END
15 6 0 0 0
0 0 0 0 0
0 0 0 0 0
0 0 8 0 26
0 0 31 0 0
END
0 0 0 0 0
0 6 0 0 0
0 0 0 0 28
0 8 0 0 0
0 0 20 0 12
END
0 0 0 0 6
0 0 18 0 0
11 0 0 4 7
0 0 0 0 0
0 0 0 0 8
END
0 0 15 0 0
0 18 0 9 0
0 0 0 5 0
0 0 0 0 22
0 0 0 2 0
END
0 0 0 22 0
0 0 0 0 0
0 13 0 13 0
0 0 0 0 0
8 6 0 0 5
END
0 0 0 4 0
0 0 0 3 0
10 0 0 0 10
2 0 0 0 0
0 0 0 0 7
END
0 14 21 0 0
0 0 0 0 0
0 0 0 0 0
15 0 0 22 0
0 5 0 0 18
END
0 0 0 0 15
0 0 0 21 0
0 0 31 0 22
0 12 0 8 0
0 0 0 0 0
END
0 0 8 2 0
0 0 0 0 0
2 0 0 0 0
0 9 17 0 0
9 0 0 0 0
END
0 0 0 0 13
0 0 0 0 0
0 0 0 0 0
15 0 2 0 0
1 0 0 31 3
END
0 0 22 0 0
0 7 0 4 0
24 24 0 0 0
0 0 0 0 0
0 1 0 0 0
END
13 0 0 0 15
0 0 0 0 0
6 0 0 0 0
0 0 0 9 0
0 0 0 2 30
END
0 0 0 11 1
0 0 0 0 28
0 0 0 0 22
0 0 0 6 0
5 0 0 0 0
END
0 0 26 0 0
0 31 0 0 0
0 0 0 9 0
0 0 0 31 0
0 2 0 0 31
END
0 11 0 5 12
0 0 0 0 0
0 0 0 0 0
0 0 0 0 0
11 0 0 13 0
END
0 0 0 0 0
0 10 0 0 0
0 19 0 0 10
0 7 0 9 0
15 0 0 0 0
END
0 5 21 0 0
0 0 0 0 0
0 1 0 0 0
0 0 0 6 6
13 0 0 0 0
END
0 0 0 29 0
0 0 24 0 31
0 2 0 0 0
0 8 0 0 0
0 0 0 0 0
END
0 0 0 8 10
28 0 0 0 31
0 0 4 3 0
0 0 0 0 0
0 0 0 0 0
END
16 4 0 0 0
0 0 0 11 0
0 0 0 0 31
0 0 0 0 0
0 0 4 1 0
END
0 4 0 0 0
0 0 0 0 2
13 0 31 0 0
0 0 0 0 3
0 0 3 0 0
END
0 1 0 0 0
0 0 0 0 25
0 0 0 0 0
7 0 26 2 10
0 0 0 0 0
END
0 0 0 0 0
11 0 0 0 0
4 0 0 5 0
0 0 0 4 13
0 0 14 0 0
END
0 0 0 0 0
0 0 0 0 0
0 0 7 0 0
0 6 8 0 0
2 0 12 4 0
END
0 0 15 0 31
10 0 0 0 0
1 0 0 0 0
21 0 0 0 0
0 1 0 0 0
END
0 0 0 0 0
0 14 11 0 0
1 0 0 31 0
0 0 4 7 0
0 0 0 0 0
END
0 0 0 11 0
0 0 0 0 0
0 0 8 15 12
0 0 0 15 0
0 0 0 0 7
END
0 0 0 0 0
0 28 0 0 31
16 0 0 0 0
0 0 0 0 0
0 17 0 24 18
END
0 0 1 0 0
6 0 17 0 1
0 0 0 0 5
0 0 0 0 10
0 0 0 0 0
END
0 15 0 0 0
4 0 0 11 0
0 0 14 0 13
0 0 2 0 0
0 0 0 0 0
END
0 11 0 29 0
0 1 5 10 0
0 0 0 16 0
0 0 0 0 0
0 0 0 0 0
END
0 15 0 0 0
0 0 0 2 0
8 0 0 2 0
0 0 0 0 0
0 21 0 0 0
END
1 0 21 0 0
0 1 0 0 0
0 0 0 0 5
0 0 0 0 0
8 0 0 2 0
END
0 0 0 0 0
0 15 0 0 0
0 0 0 26 0
0 0 0 1 0
31 3 0 0 4
END
14 0 0 0 0
1 0 20 0 0
0 0 0 0 16
0 0 29 0 0
0 0 0 0 6
END
0 0 0 0 0
0 0 0 7 5
0 0 0 0 0
0 0 18 0 0
1 0 17 4 0
END
0 4 0 0 0
0 0 0 0 0
0 0 2 0 0
0 0 8 23 0
0 5 0 0 7
END
0 0 12 0 0
31 0 0 0 0
5 0 0 6 0
13 0 0 2 0
0 0 0 0 0
END
0 0 0 0 0
25 0 0 0 0
0 0 0 12 23
0 7 11 0 0
0 7 0 0 0
END
0 1 0 1 0
0 0 0 1 0
7 0 0 0 0
0 0 0 18 1
0 0 0 0 0
END
4 0 0 0 0
2 0 0 0 0
0 0 0 0 8
0 2 0 0 7
0 0 0 0 0
END
0 0 0 25 1
0 0 0 0 8
0 25 0 0 0
26 0 15 0 0
0 0 0 0 0
END
0 9 0 17 0
10 3 0 9 0
0 0 0 0 0
0 0 0 11 0
0 0 0 0 0
END
0 0 0 0 0
0 0 3 0 0
14 0 31 10 0
0 0 0 0 0
0 0 0 4 0
END
0 25 8 0 0
0 0 0 0 0
0 10 0 0 0
0 29 0 20 0
0 0 0 0 0
END
0 0 0 0 0
0 0 0 0 0
3 0 0 0 0
9 0 0 12 2
4 27 0 0 0
END
0 0 5 0 0
0 9 0 0 0
0 0 0 0 0
0 4 6 0 0
0 0 13 0 0
END
6 0 0 0 12
0 0 0 0 5
0 0 0 8 0
0 0 0 0 0
7 0 0 0 0
END
0 0 0 12 0
0 28 0 0 0
0 27 0 0 21
0 0 0 0 0
0 0 11 0 0
END
0 0 0 0 0
0 0 0 0 0
31 4 0 20 0
0 0 0 0 31
0 5 0 4 0
END
7 0 9 0 2
0 0 0 0 3
0 0 0 0 0
0 0 0 15 0
11 0 0 0 0
END
0 0 0 0 0
8 0 3 6 0
0 0 12 3 31
0 0 0 0 0
0 0 0 0 0
END
0 5 0 0 8
0 5 0 0 0
0 0 0 14 0
0 0 0 11 0
0 21 0 0 0
END
0 0 0 0 10
14 0 0 3 0
0 0 13 0 22
0 0 0 0 0
0 0 0 0 0
END
12 0 0 0 0
0 0 0 21 0
5 6 0 0 0
0 0 0 0 0
0 0 9 26 0
END
11 0 0 0 0
30 11 10 0 0
0 0 0 0 0
31 0 0 0 0
0 20 0 0 0
END
0 0 0 0 0
0 0 28 0 0
0 0 1 0 0
0 0 8 9 0
6 0 0 0 1
END
12 0 11 0 10
0 13 0 0 0
0 0 0 0 0
0 2 0 0 0
0 0 5 0 0
END
0 11 0 0 0
28 0 0 2 0
0 0 0 0 0
0 0 0 0 0
0 6 0 31 31
END
15 0 13 5 0
0 0 0 28 0
3 2 0 0 0
0 0 0 0 0
0 0 0 0 0
END
0 0 31 0 0
6 0 0 0 0
8 0 0 0 0
20 0 14 0 0
0 0 0 0 0
END
6 0 0 0 0
0 0 31 18 0
0 0 25 0 0
0 0 8 0 0
0 0 0 0 30
END
0 0 13 0 0
27 0 0 0 0
10 0 18 0 0
0 0 31 0 0
0 10 0 0 0
END
0 0 0 0 8
0 0 0 12 0
0 0 0 0 6
0 0 2 0 0
0 16 0 0 0
END
18 0 0 0 0
0 0 0 0 0
0 0 0 1 0
0 0 0 0 0
14 10 0 8 21
END
30 0 7 0 0
0 0 0 0 0
0 0 0 0 0
0 0 0 0 0
13 0 30 0 7
END
19 0 0 0 6
0 20 6 0 0
0 0 0 0 0
0 8 0 0 0
0 0 0 0 23
END
0 0 0 0 1
8 0 0 0 0
0 0 0 0 0
0 4 0 5 8
0 30 0 0 0
END
0 6 0 0 0
4 0 0 0 0
0 0 2 0 0
0 7 0 0 3
18 0 0 0 0
END
0 0 0 13 0
0 0 0 0 0
0 13 0 7 0
9 0 0 30 0
0 0 0 17 0
END
0 0 0 0 0
0 0 0 4 0
0 0 0 0 0
10 0 3 5 4
26 0 0 0 0
END
0 7 0 0 0
3 0 0 11 0
0 0 0 0 3
0 0 0 0 0
0 0 0 0 4
END
7 0 0 0 0
0 0 1 5 0
0 0 6 0 0
0 0 0 2 0
0 0 0 8 0
END
0 0 0 31 0
0 2 0 0 0
0 0 0 0 0
3 0 0 0 31
0 0 0 4 0
END
31 0 0 0 0
24 0 11 0 0
15 0 18 0 0
0 0 0 0 0
0 0 0 0 10
END
0 0 9 0 0
15 0 0 0 0
0 0 0 0 12
0 11 0 0 25
0 0 0 0 0
END
14 5 0 0 0
5 0 0 0 0
0 0 7 0 0
0 0 0 0 0
0 24 0 0 6
END
20 0 0 3 0
0 0 0 0 0
7 0 0 0 14
0 0 0 0 0
6 0 0 0 8
END
0 0 0 0 14
6 0 0 0 0
0 0 0 0 5
0 0 0 6 0
0 4 0 31 0
END
0 0 0 0 23
0 0 0 0 0
0 0 0 0 0
7 8 7 0 6
0 0 0 1 0
END
0 0 0 0 6
0 0 0 15 0
0 0 2 0 4
0 0 0 0 0
0 0 4 0 0
END
0 0 0 0 0
0 0 6 0 12
0 0 24 0 0
0 12 0 0 0
28 0 0 0 0
END
0 0 0 0 0
0 0 0 3 0
0 19 0 0 20
22 18 0 0 0
29 0 0 0 0
END
0 0 0 0 0
0 15 28 0 26
0 0 0 0 0
2 14 0 0 5
0 0 0 0 0
END
0 0 0 0 0
2 5 0 0 2
0 2 0 0 0
0 0 0 0 0
0 0 9 11 0
END
0 0 0 0 0
0 28 21 0 0
0 0 18 0 14
0 0 0 0 8
0 0 0 7 0
END
0 0 0 0 0
0 29 0 0 0
0 0 0 15 0
8 0 0 22 0
22 0 0 0 4
END
0 0 3 14 0
0 0 0 0 0
0 0 0 5 1
0 0 4 0 0
0 0 0 0 0
END
8 0 0 0 0
0 0 0 0 13
21 4 0 23 0
0 0 0 0 0
0 17 0 0 0
END
0 2 0 0 0
18 0 1 0 0
0 0 0 0 31
0 0 0 1 0
0 0 0 0 8
END
0 0 18 20 0
15 0 0 0 0
0 3 0 0 0
0 0 0 0 7
0 0 4 0 0
END
1 0 16 0 0
0 0 0 0 0
20 0 0 0 0
0 0 0 0 0
0 9 3 0 2
END
0 0 0 0 4
0 0 0 4 0
0 0 0 0 0
0 0 0 10 0
0 29 0 4 0
END
0 4 8 0 6
0 0 0 0 0
0 0 27 0 3
0 0 0 0 0
0 4 0 0 0
END
0 4 0 0 0
2 0 0 0 0
0 0 0 0 8
0 29 10 0 11
0 0 0 0 0
END
0 0 7 0 20
15 0 0 0 0
0 0 0 0 0
0 0 0 0 0
0 5 1 0 0
END
0 0 0 0 0
0 0 2 0 7
0 0 0 0 3
0 0 0 0 7
0 0 0 2 24
END
0 0 22 1 8
0 0 0 0 0
0 3 0 0 2
0 0 0 0 0
0 0 0 10 0
END
0 0 2 0 0
0 31 0 0 0
0 0 0 0 0
0 0 1 0 2
0 7 14 0 0
END
0 0 0 7 0
0 0 3 6 0
0 0 0 0 0
0 1 0 0 0
0 7 0 0 17
END
0 16 10 0 0
0 0 0 0 0
0 0 8 0 8
1 0 0 0 0
0 2 0 0 0
END
0 0 0 2 0
0 0 0 1 0
0 0 0 0 0
0 17 0 0 1
0 0 0 4 0
END
0 0 0 3 23
0 0 0 26 0
0 0 0 22 0
0 0 22 0 0
0 15 0 0 0
END
0 0 0 0 11
12 0 0 0 0
16 3 0 0 6
14 0 0 0 0
0 0 0 0 0
END
0 0 0 0 0
9 0 0 0 0
0 0 0 11 0
0 0 29 0 0
3 0 2 0 3
END
0 0 11 10 0
0 28 19 0 0
2 0 14 0 0
0 0 0 0 0
0 0 0 0 0
END
0 0 10 30 0
10 0 0 0 0
0 0 0 0 18
0 0 15 13 0
0 0 0 0 0
END
0 0 0 0 5
0 5 5 2 0
31 18 0 0 0
0 0 0 0 0
0 0 0 0 0
END
3 0 0 2 0
0 13 0 0 0
0 15 0 0 0
5 0 0 0 0
3 0 0 0 0
END
0 7 0 0 0
0 0 0 14 8
0 0 0 0 4
1 0 0 0 0
5 0 0 0 0
END
0 0 0 0 0
0 0 13 0 0
0 0 0 2 0
0 1 0 0 0
0 0 26 0 15
END
0 0 0 0 0
0 7 0 0 0
0 0 0 0 14
2 0 1 0 5
0 8 0 0 0
END
8 0 0 0 0
0 4 0 27 6
0 0 31 0 0
12 0 0 0 0
0 0 0 0 0
END
27 2 0 0 0
0 0 0 2 0
0 0 0 17 0
8 0 0 7 0
0 0 0 0 0
END
0 25 0 24 0
0 0 0 6 0
0 0 9 1 0
0 0 0 0 0
0 0 0 7 0
END
7 0 0 0 9
0 0 0 0 0
0 0 0 0 4
16 0 6 0 0
7 0 0 0 0
END
0 6 0 0 3
0 0 0 5 0
0 0 0 0 0
2 0 0 0 15
0 0 23 0 0
END
0 0 0 0 0
0 0 0 0 7
9 22 0 1 0
0 0 0 17 0
0 0 31 0 0
END
0 0 6 0 6
3 0 0 0 0
0 0 0 0 11
0 0 0 0 24
0 0 6 0 0
END
0 6 0 0 0
14 0 0 0 1
0 0 7 0 14
29 0 0 0 0
0 0 0 0 0
END
0 0 0 0 0
0 2 0 0 2
0 0 1 0 0
0 0 0 0 0
0 0 1 0 3
END
0 0 10 0 31
0 0 0 0 1
0 0 0 0 28
0 3 31 0 0
0 0 0 0 0
END
0 0 0 0 15
0 0 0 0 0
0 0 0 0 0
0 0 0 0 21
0 9 3 4 0
END
0 0 0 0 8
0 0 0 4 12
0 0 0 9 0
3 0 0 0 2
0 0 0 0 0
END
6 0 0 0 0
0 18 0 3 0
0 0 0 8 0
0 5 0 0 0
12 0 0 0 0
END
0 0 0 0 0
0 2 0 0 1
1 0 0 0 0
0 13 13 0 0
0 0 0 6 0
END
0 0 0 0 0
0 0 0 4 0
0 0 4 9 0
0 6 0 0 0
0 8 0 0 23
END
0 0 0 0 1
0 0 0 0 0
23 0 0 4 0
0 0 0 0 0
0 0 4 0 12
END
0 3 0 0 0
5 0 0 0 31
0 4 20 0 3
0 0 0 0 0
0 0 0 0 0
END
0 0 0 0 2
27 0 0 0 18
0 10 0 1 0
0 0 0 0 0
6 0 0 0 0
END
0 7 23 0 0
0 0 0 0 0
0 0 0 0 6
0 0 0 0 19
0 0 0 6 14
END
0 0 0 4 0
0 5 0 0 0
0 0 0 2 0
0 0 0 25 0
0 0 0 11 0
END
29 0 0 0 0
0 0 0 0 0
0 2 0 29 0
31 0 0 0 0
0 18 0 0 30
END
4 0 0 30 0
1 3 0 0 0
0 0 0 0 0
0 0 0 0 14
0 0 0 0 11
END
0 0 8 0 15
0 7 0 0 0
0 0 0 0 0
0 0 10 0 0
0 13 13 0 0
END
0 0 0 0 0
0 6 0 0 0
31 0 10 0 0
0 0 1 0 11
0 0 0 0 0
END
0 0 0 0 0
0 0 0 11 0
0 10 5 0 0
0 23 0 0 0
0 0 0 8 0
END
0 0 0 0 0
0 0 0 0 0
0 25 15 12 7
0 0 0 0 0
0 31 0 31 0
END
0 3 0 0 0
0 0 0 0 0
0 0 18 0 0
0 0 2 0 5
31 0 0 7 0
END
0 7 0 0 20
0 4 0 0 0
0 0 0 20 0
0 0 0 0 26
0 5 0 0 0
END
0 0 0 0 0
0 0 0 5 14
0 3 2 0 0
0 31 0 0 0
0 15 0 0 0
END
0 0 0 0 5
0 0 0 0 31
0 0 0 27 6
28 0 0 0 0
0 0 0 0 0
END
0 0 0 0 0
0 31 0 0 12
0 0 0 0 0
0 20 0 8 0
0 13 0 0 4
END
30 0 0 3 0
0 0 0 0 0
27 0 4 0 0
5 0 0 0 0
19 0 0 0 0
END
0 14 0 0 0
0 0 0 0 0
0 0 0 0 0
0 28 0 0 8
0 0 0 1 8
END
0 17 0 0 0
0 6 0 0 0
0 0 0 0 0
0 11 0 0 0
0 17 0 0 1
END
0 0 0 0 7
0 2 0 0 0
0 13 0 0 0
0 0 0 0 0
3 0 7 10 0
END
20 0 0 0 3
0 7 0 0 13
0 0 0 0 0
0 0 0 0 0
0 0 1 19 0
END
28 0 0 0 0
0 0 0 0 0
0 15 0 0 0
0 0 1 5 0
0 20 0 0 4
END
0 0 0 0 0
0 8 3 0 0
0 0 0 0 0
0 0 0 19 0
3 0 22 5 0
END
0 0 0 0 0
0 0 26 0 0
15 0 31 0 7
0 4 0 0 0
0 0 7 0 0
END
0 0 0 0 0
0 0 0 0 31
10 0 1 0 14
0 0 0 14 0
21 0 0 0 0
END
20 0 0 0 31
0 0 0 0 0
0 0 0 0 0
0 18 0 14 0
10 0 2 0 0
END
0 0 0 31 0
0 0 0 0 5
4 12 30 0 3
0 0 0 0 0
0 0 0 0 0
END
0 5 16 9 0
0 0 0 0 0
0 4 0 0 0
0 0 0 0 0
8 0 0 29 0
END
0 0 0 0 0
0 0 0 4 0
0 0 0 0 0
0 20 0 2 0
0 5 10 0 31
END
0 0 0 0 0
0 0 0 0 0
2 0 0 13 0
0 0 0 4 9
4 0 0 8 0
END
0 0 0 0 0
0 0 0 0 0
4 0 0 0 0
0 3 7 0 0
6 0 0 5 12
END
0 0 0 31 0
0 0 11 0 0
8 6 0 0 0
0 0 0 31 0
0 0 0 0 0
END
0 0 0 0 0
5 0 0 0 0
0 0 7 0 6
0 0 0 2 5
8 0 0 0 0
END
0 0 0 19 0
0 0 18 26 0
3 0 0 0 0
9 0 0 0 0
0 0 0 0 0
END
0 0 0 31 0
0 0 0 21 0
0 14 0 0 0
0 0 0 0 11
0 3 2 0 0
END
0 0 0 0 0
15 21 0 0 0
0 0 0 0 0
0 2 27 0 8
0 0 0 0 3
END
0 13 1 0 0
0 0 0 11 0
14 0 27 0 0
2 0 0 0 0
0 0 0 0 0
END
0 0 0 0 0
0 0 0 0 0
9 0 0 0 19
0 0 0 3 14
1 0 0 4 0
END
0 30 0 23 7
13 0 0 0 0
0 0 0 0 29
0 0 0 0 0
0 5 0 0 0
END
1 0 0 0 0
5 0 0 0 28
10 3 0 0 4
0 0 0 0 0
0 0 0 0 0
END
0 0 0 5 2
5 0 0 0 0
0 0 13 25 0
0 0 0 0 0
0 3 0 0 0
END
0 0 0 0 0
0 9 4 0 0
21 0 0 0 9
0 0 0 31 0
0 3 0 0 0
END
0 3 0 3 0
0 0 22 0 0
0 0 0 0 0
0 0 24 0 4
0 0 1 0 0
END
0 0 0 26 0
0 9 0 0 0
0 6 23 0 0
0 0 0 0 0
8 0 0 0 7
END
0 0 0 4 0
24 0 0 0 0
0 0 0 14 7
6 0 0 0 0
0 0 0 21 0
END
0 0 0 0 0
0 5 0 0 0
28 1 0 5 0
0 31 0 0 0
29 0 0 0 0
END
6 0 0 23 0
0 0 0 24 0
0 0 0 6 7
0 1 0 0 0
0 0 0 0 0
END
0 16 0 0 0
0 12 0 0 0
0 0 0 0 0
0 31 0 8 8
21 0 0 0 0
END
0 0 0 0 30
0 0 0 0 0
0 17 0 0 0
5 8 31 0 0
0 0 1 0 0
END
0 0 0 0 8
0 0 0 0 0
7 0 12 0 6
0 0 20 0 0
0 0 9 0 0
END
0 29 0 0 0
30 0 0 0 0
0 10 0 0 0
0 0 0 0 4
4 0 0 0 0
END
0 0 0 16 0
0 13 0 0 0
0 0 7 0 0
0 0 12 0 10
0 31 0 0 0
END
0 0 0 0 3
0 0 0 0 22
0 0 0 0 0
0 7 3 0 0
0 0 6 13 0
END
0 0 0 0 0
0 0 14 8 0
0 0 0 0 22
0 0 0 0 0
26 0 0 25 5
END
0 0 0 0 0
1 0 0 0 0
5 5 0 0 5
0 0 0 0 5
11 0 0 0 0
END
0 0 0 0 11
0 0 0 0 11
0 0 1 0 0
0 5 4 0 0
0 0 31 0 0
END
0 4 0 0 0
17 0 0 0 0
0 0 1 0 28
0 7 8 0 0
0 0 0 0 0
END
0 0 0 0 0
0 0 0 0 0
12 0 8 26 0
0 0 0 2 0
0 19 0 18 0
END
0 0 0 4 0
0 0 0 14 0
31 0 0 0 11
0 0 0 0 0
0 0 22 0 0
END
30 0 0 0 0
0 2 0 0 0
0 0 13 0 0
0 0 18 31 0
0 0 0 12 0
END
0 0 1 0 0
0 0 0 0 28
0 0 13 8 0
0 0 0 0 3
0 0 0 0 0
END
0 5 0 0 0
6 0 0 25 0
0 0 0 0 0
0 0 10 0 0
4 14 0 0 0
END
18 0 0 0 0
0 6 0 0 0
31 0 0 0 0
25 0 0 25 0
0 0 7 0 0
END
0 0 0 26 0
0 24 0 13 0
0 0 0 0 0
0 0 0 0 0
7 16 0 4 0
END
0 7 0 0 0
3 0 0 0 1
0 0 0 9 0
0 0 31 0 0
10 0 0 0 0
END
0 0 5 0 21
0 0 0 0 8
0 0 0 0 10
3 0 0 0 0
0 0 0 2 0
END
0 0 17 0 0
0 0 0 1 0
10 0 0 0 4
0 0 0 0 0
5 0 0 22 0
END
0 0 0 31 7
0 0 0 6 0
8 0 0 0 0
2 0 26 0 0
0 0 0 0 0
END
0 0 0 0 1
0 0 3 0 0
23 0 0 0 0
0 11 0 0 0
1 0 0 8 0
END
0 7 0 0 1
0 4 0 0 0
5 0 0 0 0
0 21 17 0 0
0 0 0 0 0
END
4 6 0 0 0
19 0 0 0 0
0 0 0 0 0
11 0 0 0 0
0 0 0 2 8
END
6 0 0 0 31
0 0 0 0 0
0 24 0 0 0
0 0 6 0 0
0 0 4 0 5
END
1 5 1 5 22
0 0 0 0 0
0 0 0 0 0
0 0 0 0 0
0 0 0 0 22
END
0 3 0 1 5
0 0 7 4 0
24 0 0 0 0
0 0 0 0 0
0 0 0 0 0
END
0 0 0 20 25
0 0 0 0 4
0 0 9 0 0
0 0 0 31 0
0 7 0 0 0
END
0 0 5 25 0
12 0 0 4 0
0 0 0 0 0
0 0 23 0 0
0 0 0 9 0
END
0 0 0 10 0
0 0 0 0 0
15 1 0 0 5
0 0 8 0 0
0 31 0 0 0
END
0 24 0 0 0
0 0 0 5 0
0 0 0 0 0
0 0 0 1 0
0 0 13 19 8
END
0 0 0 0 0
0 0 0 6 0
0 8 15 0 0
0 13 0 0 0
0 0 0 6 0
END
0 0 0 0 0
0 0 0 3 0
0 0 19 8 0
0 0 0 27 0
0 0 0 12 5
END
27 0 0 27 0
0 0 16 31 0
0 0 0 0 0
0 0 0 15 0
0 1 0 0 0
END
0 7 0 0 9
0 0 31 0 0
0 0 0 30 0
4 0 0 0 0
0 2 0 0 0
END
0 0 0 0 0
0 0 0 0 0
0 0 0 0 22
0 28 0 11 0
31 0 0 0 2
END
0 3 0 0 0
3 27 14 0 0
0 0 0 0 0
0 0 31 27 0
0 0 0 0 0
END
0 5 1 0 0
0 0 0 29 0
0 0 0 15 0
0 0 0 0 0
0 0 0 1 13
END
0 0 26 11 8
0 0 0 0 0
0 0 0 25 0
0 0 0 4 20
0 0 0 0 0
END
7 1 0 7 0
0 0 3 0 0
0 0 0 0 0
0 0 0 0 0
0 31 0 27 0
END
0 5 0 17 0
0 0 0 0 0
0 31 0 0 0
0 0 1 6 0
15 0 0 0 0
END
0 0 0 0 0
0 2 12 5 0
0 16 0 0 20
0 0 0 14 0
0 0 0 0 0
END
0 0 4 0 0
8 3 0 0 5
0 0 0 0 0
0 0 0 0 0
0 0 22 0 0
END
0 0 0 7 0
0 0 0 2 0
0 0 2 0 0
0 0 0 0 0
0 14 2 3 0
END
0 0 0 0 0
0 0 7 29 0
0 4 0 0 0
0 0 27 0 13
0 10 0 0 0
END
0 5 0 0 0
0 0 0 0 0
0 0 0 0 0
0 4 0 0 31
12 0 13 0 2
END
0 0 0 0 0
24 0 0 4 0
6 0 0 0 0
0 0 0 0 1
0 4 13 0 0
END
14 0 0 1 0
0 0 0 0 0
4 0 0 0 0
0 0 0 0 0
31 5 0 0 0
END
5 0 11 13 0
0 0 0 7 30
0 0 4 0 0
0 0 0 0 0
0 0 0 0 0
END
8 1 0 0 0
0 0 0 7 31
0 0 3 0 0
0 0 0 0 0
0 0 0 11 0
END
0 25 0 0 0
8 0 0 0 0
0 5 0 0 0
0 0 0 0 15
0 0 0 14 0
END
0 0 0 0 0
0 0 0 0 0
6 0 0 13 22
0 0 0 3 0
0 0 15 15 0
END
0 0 0 0 0
0 1 0 0 0
0 0 0 0 0
25 0 10 7 3
0 0 21 0 0
END
0 0 0 8 10
0 23 0 0 0
0 23 0 0 0
0 0 0 0 2
0 0 6 0 0
END
0 0 0 7 0
0 3 0 0 0
0 0 0 8 0
0 20 0 0 0
0 0 15 0 17
END
0 16 0 0 0
0 14 0 3 0
0 0 0 0 27
0 0 31 0 0
0 0 0 19 0
END
13 0 14 0 0
31 0 0 0 0
0 29 0 0 0
0 0 1 0 0
0 0 0 1 0
END
0 0 0 0 14
0 0 0 0 0
0 0 0 31 31
7 0 0 0 0
0 13 12 0 0
END
0 0 2 0 0
0 0 0 0 0
0 25 13 0 0
0 0 6 0 0
0 27 0 0 7
END
0 0 0 0 0
0 0 0 0 5
4 0 0 16 0
0 0 14 25 0
0 0 2 0 0
END
0 0 0 6 0
0 0 0 0 0
3 0 14 0 0
2 11 0 0 0
0 0 0 2 0
END
0 0 4 0 0
0 0 0 0 0
0 0 8 0 0
0 4 0 0 17
0 0 0 0 2
END
0 18 14 0 0
0 0 0 0 24
0 0 0 0 0
0 10 0 0 16
0 0 0 15 0
END
4 4 0 25 0
0 0 0 0 0
0 4 0 0 0
27 0 0 0 0
0 0 0 1 0
END
0 0 0 0 0
0 0 0 0 0
0 0 26 0 0
0 0 0 31 0
12 6 0 5 29
END
10 0 11 0 0
0 0 29 0 0
8 0 0 0 0
0 0 0 7 7
0 0 0 0 0
END
0 0 12 23 4
0 0 1 9 0
0 0 0 0 0
0 0 0 0 0
0 0 0 9 0
END
0 0 0 0 0
0 0 0 6 0
0 25 10 0 0
1 0 0 0 30
0 0 0 1 0
END
0 1 6 0 0
3 31 0 0 0
0 0 0 0 0
0 19 0 0 0
28 0 0 0 0
END
0 0 0 0 0
0 0 0 0 10
24 9 0 22 22
31 0 0 0 0
0 0 0 0 0
END
0 0 0 4 0
0 0 0 0 7
0 0 18 0 0
0 0 0 5 0
6 0 0 3 0
END
0 0 0 0 0
0 0 0 2 8
27 8 0 0 0
25 0 1 0 0
0 0 0 0 0
END
0 0 0 15 0
0 0 29 0 23
0 0 0 0 0
0 0 0 0 0
0 0 0 4 8
END
0 0 0 0 0
0 0 0 0 0
0 8 0 0 0
13 16 0 0 8
0 0 3 0 29
END
0 0 0 0 0
0 0 0 0 0
0 0 21 0 0
0 0 0 13 1
4 0 17 4 0
END
9 0 0 0 0
0 0 1 0 0
29 0 0 6 0
4 0 0 0 0
0 0 3 0 0
END
0 6 29 0 0
0 0 0 4 0
31 0 0 0 11
0 0 0 0 0
0 0 4 0 0
END
0 4 0 0 0
0 0 0 0 0
19 2 0 4 0
0 0 0 8 0
0 0 0 0 0
END
29 0 0 0 0
0 0 15 0 0
6 0 0 12 0
31 0 0 0 0
5 0 0 0 0
END
0 0 0 0 18
0 0 0 0 0
3 0 0 0 0
25 0 7 0 9
11 0 0 0 0
END
0 0 0 0 0
0 0 9 0 0
0 0 0 0 0
0 3 0 0 14
0 2 0 1 15
END
0 0 0 0 15
8 12 0 0 0
0 29 0 0 8
0 12 0 0 0
0 0 0 0 0
END
0 6 0 4 0
0 0 21 0 0
0 0 0 0 9
0 0 0 0 0
0 0 29 11 0
END
7 0 0 18 0
0 0 19 0 0
0 0 0 10 0
0 0 0 0 0
0 0 31 21 0
END
0 13 0 0 0
0 0 6 0 0
0 3 0 0 0
0 3 0 0 4
0 0 0 7 0
END
0 0 28 0 0
0 0 0 3 0
7 15 0 0 0
0 0 0 0 0
4 8 0 0 0
END
0 10 0 0 26
0 0 8 0 0
0 31 0 0 0
0 15 0 0 0
0 0 31 0 0
END
0 3 0 0 0
0 0 0 0 0
26 0 0 0 14
0 4 0 7 0
0 0 8 0 0
END
0 0 1 0 0
2 0 0 0 0
0 0 0 0 26
0 6 0 9 0
6 0 0 0 0
END
0 0 0 0 0
0 0 0 11 0
12 0 0 0 0
15 19 0 0 23
31 0 0 0 0
END
0 1 0 0 3
0 0 0 0 17
0 16 0 13 0
0 0 0 0 0
0 0 27 0 0
END
0 0 5 0 0
0 0 0 0 4
0 0 0 12 0
0 13 0 0 0
0 0 11 0 3
END
0 17 7 0 0
22 0 0 0 0
0 0 0 0 0
0 5 7 0 0
0 0 0 23 0
END
9 0 1 0 16
0 0 0 0 29
0 0 0 0 0
0 0 0 0 1
0 0 0 0 22
END
13 0 0 6 0
10 0 0 0 0
0 0 0 0 0
0 0 0 0 0
7 0 8 0 8
END
0 7 0 23 0
0 0 0 0 0
0 0 0 0 0
0 0 0 31 0
0 0 12 18 17
END
0 0 0 0 8
0 0 13 0 0
0 0 0 25 0
1 0 0 0 3
0 0 10 0 0
END
15 0 8 0 0
3 0 0 0 10
0 0 0 0 0
3 0 0 0 0
0 0 0 2 0
END
0 0 0 0 0
4 0 7 0 0
0 7 0 0 0
8 0 0 0 0
0 4 0 0 17
END
0 0 0 0 24
0 0 0 0 0
0 0 6 1 0
0 0 0 14 3
5 0 0 0 0
END
6 0 0 0 10
0 0 0 0 0
0 0 4 0 2
0 20 3 0 0
0 0 0 0 0
END
0 0 0 0 0
0 27 0 0 0
6 0 0 11 0
0 0 0 0 0
0 4 0 10 4
END
0 0 0 0 0
0 0 3 0 0
1 0 0 0 0
3 5 0 0 0
10 12 0 0 0
END
4 0 0 12 9
0 0 0 0 0
0 1 0 0 0
0 12 8 0 0
0 0 0 0 0
END
0 10 0 0 0
8 0 0 10 0
0 0 28 0 0
0 0 0 0 0
8 8 0 0 0
END
0 0 0 0 0
5 0 0 0 0
12 0 0 0 0
6 1 0 31 0
0 0 0 0 0
END
0 0 0 0 0
0 0 0 0 0
15 0 7 0 10
0 0 0 5 0
0 0 0 0 31
END
0 0 0 0 0
4 0 0 0 0
0 0 13 0 7
8 0 0 0 0
10 0 0 19 0
END
0 0 0 0 0
0 0 0 0 0
0 13 0 2 0
0 5 6 0 2
0 0 9 0 0
END
0 7 0 15 0
0 0 0 20 0
0 0 0 0 3
0 0 2 0 0
0 0 7 0 0
END
0 22 0 0 0
2 0 0 0 0
0 0 0 4 0
0 0 5 0 13
0 0 0 19 0
END
0 0 0 0 23
15 0 14 0 0
8 0 0 0 0
0 0 0 0 0
6 0 0 0 0
END
4 0 0 0 0
0 0 29 0 0
0 0 0 0 0
0 1 1 9 0
2 0 0 0 0
END
0 0 0 0 16
0 0 9 0 0
0 6 0 0 7
0 0 0 0 0
0 0 0 12 0
END
0 0 2 0 0
0 0 0 0 0
0 0 1 0 31
0 6 0 24 0
0 0 19 0 0
END
0 0 8 0 12
0 0 0 0 0
0 26 0 0 0
0 3 0 0 0
0 0 0 31 29
END
8 0 0 0 0
0 0 0 0 0
0 13 27 0 0
0 0 10 0 0
0 0 0 8 2
END
0 16 2 0 7
0 0 0 25 0
0 0 0 0 0
15 0 0 0 27
0 0 0 0 0
END
0 15 0 0 0
2 0 0 0 0
0 0 28 2 0
5 13 0 0 0
0 0 0 0 0
END
2 5 0 0 0
0 0 13 0 1
0 0 0 1 31
0 0 0 0 0
0 0 0 0 0
END
0 0 0 0 11
0 14 0 0 3
27 0 0 14 0
0 0 31 0 0
0 0 0 0 0
END
0 17 0 0 0
4 0 0 0 3
0 0 12 0 0
0 0 7 0 0
0 0 0 4 0
END
0 0 0 0 7
0 0 0 0 0
7 0 31 0 0
26 0 0 0 0
0 23 0 1 0
END
0 0 0 0 0
0 31 0 0 0
0 23 0 0 0
0 6 11 5 0
28 0 0 0 0
END
0 0 26 0 0
0 0 0 0 0
0 0 0 23 0
16 0 0 31 0
0 0 0 3 0
END
0 8 24 0 0
3 0 0 0 0
0 5 0 0 0
0 0 0 0 0
11 1 0 0 0
END
6 0 0 0 2
0 0 0 0 0
0 0 0 0 16
4 0 18 0 0
0 0 31 0 0
END
0 0 0 20 0
17 0 2 0 0
0 0 0 0 0
0 0 3 0 10
0 0 0 0 31
END
0 3 0 0 0
0 28 0 22 0
0 0 0 0 0
0 8 0 0 7
0 0 0 0 0
END
0 7 0 0 9
0 0 0 0 0
0 20 0 0 0
6 0 0 0 0
0 27 31 0 0
END
0 30 12 0 0
0 0 0 0 0
0 4 0 0 8
0 0 0 0 0
0 0 28 6 0
END
0 0 0 0 0
0 0 0 0 0
16 10 25 0 0
31 0 0 0 0
0 0 0 9 14
END
0 0 29 26 0
0 6 0 0 0
7 0 0 0 0
0 0 0 0 4
0 0 5 0 0
END
0 0 3 0 0
0 15 5 0 27
0 0 0 0 0
0 0 0 0 0
0 8 0 0 5
END
0 0 6 0 0
0 1 0 8 7
0 0 0 0 0
1 0 0 0 0
0 0 0 0 23
END
0 0 0 20 23
0 6 0 10 0
0 0 0 0 0
0 0 24 0 0
0 0 0 0 0
END
0 0 0 2 0
0 27 15 0 0
8 7 15 0 0
0 0 0 0 0
0 0 0 0 0
END
31 25 0 0 17
25 0 7 0 0
0 0 0 0 0
31 0 0 0 0
0 0 0 0 0
END
0 5 0 14 0
0 31 0 0 0
0 0 0 0 0
0 0 0 0 0
9 0 5 0 3
END
0 0 2 8 0
0 0 0 0 0
0 3 0 0 5
0 0 4 0 0
0 0 0 0 3
END
0 0 0 5 0
31 0 0 0 0
0 0 6 5 0
0 14 29 0 0
0 0 0 0 0
END
0 0 0 0 0
0 0 0 5 0
0 0 0 0 0
0 0 9 12 5
0 31 0 0 0
END
0 0 0 0 0
0 4 0 2 0
23 0 0 0 0
0 0 0 0 5
0 0 0 11 31
END
0 0 0 0 0
0 0 0 0 0
0 0 0 0 0
0 0 31 7 15
4 5 5 0 0
END
0 7 31 14 0
0 0 0 0 0
9 23 19 0 0
0 0 0 0 0
0 0 0 0 0
END
0 0 0 0 0
0 0 0 0 27
0 0 0 19 0
3 0 2 7 0
0 5 0 0 0
END
0 0 21 0 0
8 0 0 2 0
0 6 0 0 3
0 0 0 0 0
8 0 0 0 0
END
0 0 0 0 0
3 0 0 0 0
0 0 0 15 5
25 0 0 0 0
15 0 5 0 0
END
0 0 0 0 0
0 0 0 0 0
1 11 0 0 0
14 0 0 0 13
0 0 14 2 0
END
0 0 0 20 3
0 6 0 26 0
27 0 0 0 0
12 0 0 0 0
0 0 0 0 0
END
0 0 0 0 0
8 0 0 0 0
0 5 0 0 6
0 0 0 18 0
26 6 0 0 0
END
0 0 7 7 0
0 0 0 31 0
0 2 0 0 0
0 2 0 5 0
0 0 0 0 0
END
0 0 0 0 0
0 0 0 0 0
0 0 0 0 6
25 4 0 0 0
0 28 11 0 0
END
0 0 0 2 0
8 0 0 18 0
1 0 0 0 0
5 0 0 0 0
0 0 0 0 2
END
3 14 0 0 27
0 20 0 0 0
0 0 0 0 0
0 0 31 0 0
0 0 29 0 0
END
0 0 0 0 10
0 0 0 0 0
0 0 0 0 0
0 0 0 2 20
0 19 7 13 0
END
0 0 0 14 16
18 0 0 0 0
0 0 0 0 0
0 0 14 0 12
0 3 0 0 0
END
0 0 0 0 0
0 0 0 0 5
22 15 6 13 0
0 0 0 0 0
2 0 0 0 0
END
31 0 0 10 0
0 0 0 0 24
0 0 12 0 0
0 19 0 0 0
20 0 0 0 0
END
0 0 2 12 0
0 0 26 0 4
0 0 0 0 0
0 4 0 0 0
0 17 0 0 0
END
0 0 0 0 3
0 31 0 0 0
0 0 0 0 14
0 19 12 0 0
0 0 0 0 7
END
28 0 29 0 0
0 6 10 0 0
0 0 4 0 0
5 0 0 0 0
0 0 0 0 0
END
0 0 13 0 8
0 12 3 5 0
0 0 0 0 0
0 0 0 0 0
0 31 0 0 0
END
0 0 6 0 0
0 1 0 0 0
5 0 0 0 0
6 0 18 0 26
0 0 0 0 0
END
0 0 0 0 0
0 0 4 0 0
0 0 0 0 7
0 0 15 0 0
0 14 30 0 9
END
8 10 0 0 0
0 0 0 0 31
0 0 0 0 6
0 0 0 0 3
13 0 0 0 0
END
0 0 0 0 12
0 5 30 0 0
7 6 0 0 0
0 0 0 0 0
0 0 0 4 0
END
0 16 12 0 0
0 0 0 0 0
9 14 0 0 0
0 0 0 24 0
0 0 0 15 0
END
0 0 0 0 0
0 15 0 6 0
0 12 0 0 8
0 0 0 0 0
26 15 0 0 0
END
0 0 0 10 0
0 5 18 0 0
0 0 0 0 0
0 0 0 0 6
0 0 4 28 0
END
0 0 12 0 0
0 0 0 0 31
0 0 0 0 31
8 0 1 8 0
0 0 0 0 0
END
0 0 4 0 0
0 0 14 6 0
0 3 0 0 0
0 0 0 12 16
0 0 0 0 0
END
14 0 0 0 0
1 0 8 0 0
0 7 27 0 0
0 0 0 0 0
0 13 0 0 0
END
0 0 0 0 0
0 9 0 1 0
0 0 12 0 0
0 0 0 0 1
0 5 31 0 0
END
0 0 0 0 30
0 0 15 0 0
0 3 1 0 6
0 0 0 0 0
5 0 0 0 0
END
0 0 0 0 0
0 21 0 0 0
0 16 0 0 0
4 14 9 0 0
1 0 0 0 0
END
0 0 0 0 0
0 0 0 0 10
0 18 3 0 0
0 0 0 0 0
7 0 7 0 0
END
0 3 0 11 0
0 0 0 0 0
0 0 0 0 0
14 13 0 0 0
0 31 0 3 0
END
0 25 0 0 0
2 0 7 31 14
0 0 0 11 0
0 0 0 0 0
0 0 0 0 0
END
0 0 0 0 4
0 20 30 8 0
0 0 0 0 0
25 0 0 26 0
0 0 0 0 0
END
0 0 0 0 0
0 0 8 0 0
0 0 0 0 0
8 0 0 4 0
6 0 0 0 4
END
0 0 3 0 0
0 0 0 0 0
31 0 4 0 9
2 0 27 0 0
0 0 0 0 0
END
2 0 5 7 0
0 28 0 6 0
0 0 0 31 0
0 0 0 0 0
0 0 0 0 0
END
0 0 0 0 0
10 0 0 31 27
0 0 0 0 0
0 0 6 0 0
8 0 0 0 31
END
0 0 0 0 0
26 0 0 0 0
0 0 0 0 31
1 0 0 13 0
28 0 0 0 7
END
0 21 0 9 13
0 0 8 0 0
0 0 0 0 0
0 0 0 0 0
0 27 6 0 0
END
0 0 0 15 5
0 8 0 0 3
0 0 31 0 0
0 0 0 0 3
0 0 0 0 0
END
4 0 0 0 0
0 7 0 0 0
0 0 0 0 27
0 0 0 0 17
0 0 0 3 4
END
0 3 7 0 31
0 0 0 0 0
0 29 0 0 0
0 0 0 3 0
0 0 0 12 0
END
0 0 0 11 0
0 0 0 0 0
1 0 0 17 0
0 0 8 0 7
0 6 0 0 0
END
0 0 0 6 0
5 0 0 0 16
0 6 0 0 14
0 0 12 0 0
0 0 0 0 0
END
0 0 4 7 0
0 0 0 0 10
0 0 0 0 0
0 0 1 0 0
0 0 31 0 10
END
0 6 10 0 0
0 0 0 0 0
0 0 31 0 6
0 0 0 27 0
0 0 0 0 0
END
0 0 0 0 30
22 0 7 2 0
0 0 0 0 0
0 0 0 0 0
0 4 0 0 20
END
0 0 0 0 18
0 0 5 0 19
0 0 0 0 0
0 3 31 0 0
0 0 11 0 0
END
0 0 0 0 0
0 0 0 0 0
12 0 18 8 0
0 10 0 0 0
0 0 30 0 0
END
0 11 0 0 0
0 0 0 0 4
0 0 0 0 0
15 0 29 0 0
0 0 0 0 6
END
0 16 0 7 0
0 0 0 0 0
0 0 0 17 0
0 8 0 0 0
0 5 0 0 3
END
0 8 0 27 0
0 0 15 0 0
0 0 0 0 0
0 0 8 2 16
0 0 0 0 0
END
6 0 0 31 0
0 0 0 4 0
0 0 0 8 0
0 8 0 0 0
0 4 0 0 0
END
7 0 5 1 0
2 0 0 0 0
0 0 0 0 0
0 0 0 0 17
0 0 0 0 29
END
0 0 0 22 0
0 4 0 0 0
0 0 0 0 0
0 17 0 0 0
0 5 0 0 18
END
31 0 12 0 0
0 7 0 0 24
0 0 0 0 0
1 0 0 0 0
0 0 0 0 0
END
0 0 0 0 1
0 6 0 0 0
0 27 0 0 5
0 0 0 0 0
8 0 0 24 0
END
0 0 10 0 0
0 0 0 0 31
0 0 0 0 0
8 0 0 8 28
0 0 0 0 1
END
0 0 0 0 0
0 31 0 0 0
0 19 0 20 0
0 12 0 0 0
30 0 14 0 0
END
0 0 0 0 18
0 0 0 0 0
0 0 0 7 29
4 0 0 9 0
0 0 0 0 0
END
0 0 12 0 3
2 0 22 0 0
0 0 0 22 0
0 19 0 0 0
0 0 0 0 0
END
0 0 0 0 0
5 0 0 0 0
0 7 0 0 6
0 0 0 0 0
0 0 0 3 24
END
0 0 0 0 0
0 0 12 0 15
0 27 0 0 23
0 0 0 0 10
0 0 18 0 0
END
0 0 0 0 0
0 28 0 0 5
0 0 0 1 0
0 2 0 0 0
0 0 0 5 4
END
0 0 0 0 0
0 0 0 3 0
0 0 5 0 0
1 31 0 0 0
6 0 0 14 0
END
0 0 4 8 0
14 0 0 0 0
0 6 0 0 0
0 1 0 0 28
0 0 0 0 0
END
0 21 0 0 0
0 1 0 0 15
0 0 0 0 0
0 9 0 0 30
0 0 3 0 0
END
0 0 0 0 0
0 0 0 0 0
31 0 6 0 0
0 10 0 31 0
0 0 3 0 12
END
0 13 0 0 13
0 0 0 0 0
0 0 30 31 11
0 0 0 11 0
0 0 0 0 0
END
0 5 0 0 0
4 0 0 31 0
1 0 0 0 0
0 0 0 0 0
26 0 0 30 0
END
11 0 0 0 0
3 0 0 0 0
0 0 0 27 9
0 0 0 8 0
3 0 0 0 0
END
31 0 0 0 31
0 0 0 14 0
0 0 0 0 28
0 0 0 0 0
0 0 25 0 2
END
0 0 0 0 0
0 0 0 0 4
0 0 0 0 0
0 0 0 31 5
19 0 0 0 7
END
8 0 31 0 4
19 0 0 0 0
0 26 0 0 0
0 6 0 0 0
0 0 0 0 0
END
2 0 0 0 0
0 0 0 0 21
0 0 9 0 0
6 0 0 3 0
0 0 0 0 0
END
0 5 0 0 6
9 0 0 0 0
0 0 5 0 0
24 10 0 0 0
0 0 0 0 0
END
0 0 3 0 0
0 5 0 0 0
29 0 0 0 0
2 0 0 0 3
0 0 0 0 0
END
9 0 9 0 0
0 0 0 0 0
0 31 0 0 0
0 0 25 0 30
0 0 6 0 0
END
0 0 0 22 2
0 0 2 7 0
0 0 0 0 0
0 0 0 0 0
21 0 0 0 0
END
0 0 0 0 0
11 24 0 0 0
7 0 14 0 0
0 0 0 0 15
17 0 0 0 0
END
7 0 0 0 0
5 0 0 0 0
0 0 0 11 0
0 0 0 0 0
0 0 11 0 1
END
0 0 0 0 26
0 15 0 0 0
5 26 0 0 0
0 0 0 21 0
0 17 0 0 0
END
0 0 3 0 0
7 0 7 0 0
0 0 0 0 8
0 0 1 6 0
0 0 0 0 0
END
0 0 0 0 0
0 0 29 0 0
0 0 23 0 0
0 0 11 4 0
0 0 7 31 0
END
0 0 6 0 0
0 0 0 15 0
0 18 0 0 0
0 0 0 7 0
7 0 0 0 0
END
25 0 0 0 0
0 0 0 0 0
31 0 0 0 31
0 31 9 6 0
0 0 0 0 0
END
0 0 8 0 0
0 0 0 0 4
0 6 0 0 0
0 0 0 0 14
0 19 0 0 0
END
0 0 0 0 0
0 0 0 0 6
0 10 7 0 0
0 6 0 0 0
0 0 12 0 15
END
10 0 0 0 0
0 0 0 0 24
0 24 0 0 0
31 31 0 2 0
0 0 0 0 0
END
2 0 8 15 0
0 0 0 0 0
0 0 3 17 0
0 0 0 0 26
0 0 0 0 0
END
0 0 0 8 0
0 0 0 0 0
15 5 0 0 0
0 0 0 0 0
0 31 1 0 0
END
8 8 0 0 0
0 0 0 0 5
0 0 0 25 0
0 0 0 23 16
0 0 0 0 0
END
0 0 0 0 13
0 0 20 0 0
0 0 15 0 0
0 0 0 0 0
0 1 0 3 0
END
0 17 0 8 0
0 7 0 8 0
0 0 0 0 0
0 0 15 4 0
0 0 0 0 0
END
0 0 0 0 20
0 0 0 1 0
0 0 0 8 0
0 13 0 0 0
8 0 12 0 0
END
0 0 0 0 0
0 18 4 0 0
0 0 0 13 1
0 0 0 4 0
0 0 0 0 7
END
0 0 10 0 0
0 0 0 2 0
0 30 0 5 0
0 14 0 0 0
0 0 9 0 0
END
0 0 0 0 2
0 0 0 0 0
0 0 0 19 28
0 3 0 23 10
0 0 0 0 0
END
0 18 0 0 0
25 0 0 31 30
0 0 0 0 0
0 11 0 0 0
0 0 0 0 4
END
0 0 0 3 0
0 0 29 0 0
20 0 0 26 4
0 0 0 0 0
4 0 0 0 0
END
24 0 14 0 0
0 0 0 0 0
0 11 0 0 0
0 8 0 10 0
0 0 0 1 0
END
0 0 0 10 0
0 0 0 0 0
0 0 23 7 0
2 0 0 0 31
5 0 0 0 0
END
30 13 0 0 19
0 0 0 0 0
31 0 0 0 0
0 0 0 0 1
0 0 0 0 0
END
7 0 0 0 0
7 0 0 8 0
0 26 0 7 0
0 0 3 0 0
0 0 0 0 0
END
25 0 0 0 0
8 12 0 4 0
0 0 0 0 12
0 0 0 0 0
0 0 0 0 31
END
7 0 29 13 0
0 11 0 0 0
0 6 0 0 0
0 0 0 0 0
0 0 1 0 0
END
24 0 0 0 0
0 4 0 0 0
15 0 0 0 0
1 31 0 0 0
0 0 0 0 2
END
5 0 0 0 0
0 0 0 19 0
0 0 0 0 0
0 7 14 0 0
0 0 0 2 3
END
0 0 12 2 0
0 0 0 7 0
0 0 0 0 7
0 0 3 0 0
0 0 0 2 0
END
0 0 0 0 0
0 0 0 0 0
5 0 0 5 23
4 0 0 6 0
0 0 0 0 0
END
0 0 0 12 0
0 5 0 0 0
0 24 0 0 13
0 5 0 0 0
0 0 0 0 0
END
0 0 0 0 2
0 0 31 0 0
31 0 0 0 0
0 0 15 16 0
0 0 16 0 0
END
0 0 0 10 0
0 0 7 0 9
0 0 0 0 0
0 0 0 0 0
0 0 2 6 3
END
0 0 0 0 0
0 0 14 0 0
0 5 10 0 0
0 0 7 17 0
0 0 0 31 0
END
0 5 0 31 0
0 31 0 0 8
0 0 0 0 0
0 0 0 0 3
0 0 0 0 8
END
0 0 0 0 24
31 0 0 0 0
8 0 1 0 0
0 0 0 0 0
0 2 1 0 0
END
0 0 0 0 0
15 0 0 0 0
0 0 0 0 1
15 0 0 0 12
0 2 0 0 28
END
0 4 0 0 0
0 0 0 0 0
0 0 0 12 11
0 0 0 0 5
3 0 0 0 14
END
0 0 0 0 0
0 6 20 0 0
8 0 0 0 0
0 3 0 0 0
0 0 0 1 17
END
0 0 0 26 0
0 12 0 0 0
5 2 0 0 0
0 0 0 0 9
28 0 0 0 0
END
0 0 0 0 0
2 3 0 0 0
1 0 0 0 0
0 2 0 7 0
0 0 30 0 0
END
0 0 0 14 8
0 27 0 0 0
2 0 0 0 0
0 0 0 0 0
26 0 0 0 14
END
0 0 4 0 0
0 0 4 0 13
7 0 0 0 0
0 0 0 0 0
8 0 0 0 11
END
0 0 0 0 0
0 30 0 0 0
5 0 0 7 0
0 0 0 13 0
0 1 4 0 0
END
0 0 1 0 0
0 0 0 4 0
0 0 5 14 0
0 28 0 3 0
0 0 0 0 0
END
0 0 0 0 0
0 10 0 13 0
0 0 23 10 0
0 1 0 0 0
0 0 0 6 0
END
0 0 0 0 1
15 0 26 0 0
0 0 24 0 29
0 1 0 0 0
0 0 0 0 0
END
0 28 0 4 0
0 0 8 0 0
0 0 0 0 0
0 0 0 17 0
0 0 0 19 2
END
0 0 7 0 0
0 0 9 0 16
10 0 0 0 0
0 0 0 0 13
0 0 2 0 0
END
0 0 0 1 1
4 0 0 0 0
0 0 0 0 6
0 0 0 7 0
0 0 0 15 0
END
1 0 0 2 0
0 0 0 0 0
0 3 0 0 12
0 0 0 19 0
0 0 15 0 0
END
0 0 0 0 0
0 0 0 0 5
0 0 0 0 0
1 14 0 1 31
0 0 23 0 0
END
0 0 0 0 0
0 0 31 0 0
0 0 0 0 1
1 19 0 31 0
0 0 0 13 0
END
2 2 0 0 0
0 23 0 0 0
0 0 0 0 0
0 0 8 0 12
0 9 0 0 0
END
0 0 0 0 0
9 0 0 0 0
17 0 0 0 0
0 25 0 0 0
16 8 1 0 0
END
4 6 0 0 0
0 0 0 0 0
0 0 0 0 0
0 0 2 0 31
0 0 0 22 3
END
0 0 0 1 0
0 0 0 3 0
1 0 0 0 0
0 0 0 0 2
0 0 27 0 0
END
2 0 0 15 16
0 0 0 0 0
0 0 0 0 19
0 0 0 6 0
7 0 0 0 0
END
0 0 8 0 0
10 0 0 0 0
0 0 0 0 0
0 0 0 0 0
22 0 0 11 12
END
0 0 0 2 26
0 0 0 0 0
0 0 0 0 0
2 0 0 15 0
0 26 0 0 9
END
16 0 0 2 0
0 0 6 0 0
0 0 0 1 6
0 0 0 23 0
0 0 0 0 0
END
0 0 0 0 0
28 3 0 0 0
6 0 2 0 0
11 0 0 0 0
0 0 31 0 0
END
0 0 0 16 0
0 0 22 9 0
0 28 5 0 0
0 0 0 0 3
0 0 0 0 0
END
0 3 0 0 0
0 0 24 0 0
0 24 0 31 0
0 0 0 4 0
0 15 0 0 0
END
4 0 0 0 0
0 0 0 7 0
0 0 0 0 0
22 0 0 0 0
0 13 15 0 0
END
0 0 0 0 0
14 0 0 3 0
0 0 0 2 3
0 0 25 0 3
0 0 0 0 0
END
0 12 0 0 0
0 0 0 21 0
0 0 0 0 12
22 4 0 0 0
7 0 0 0 0
END
0 0 11 0 0
5 6 0 0 0
0 0 0 0 0
0 0 0 3 4
0 0 10 0 0
END
0 0 4 0 0
0 31 0 0 0
0 0 31 0 0
0 0 0 0 13
7 0 0 0 0
END
0 0 0 0 0
0 0 10 27 5
0 0 2 7 0
16 0 0 0 0
0 0 0 0 0
END
0 0 0 0 23
0 0 0 0 0
0 7 0 29 0
0 0 5 0 0
0 0 18 0 13
END
0 0 0 11 0
0 0 0 14 0
0 0 0 0 0
4 8 0 0 0
0 0 0 19 0
END
12 8 0 6 0
0 0 0 0 0
0 29 0 3 0
0 0 30 0 0
0 0 0 0 0
END
11 0 14 14 0
0 0 0 0 0
11 0 0 0 31
14 0 0 0 0
0 0 0 0 0
END
0 0 2 1 0
0 0 0 0 0
0 0 21 0 0
15 0 0 24 0
0 0 0 6 0
END
1 0 0 0 0
17 0 17 0 0
0 12 0 0 0
0 0 8 0 0
0 4 0 0 0
END
2 0 0 0 0
19 27 6 0 0
0 0 3 4 0
0 0 0 0 0
0 0 0 0 0
END
0 0 0 0 11
4 0 0 0 0
0 0 0 8 0
10 1 0 0 0
0 0 0 0 0
END
0 0 0 0 0
0 8 0 0 0
0 0 7 0 2
0 16 0 0 0
6 0 0 13 0
END
0 12 0 11 0
0 30 0 0 5
0 0 0 0 0
0 2 0 6 0
0 0 0 0 0
END
6 0 0 0 0
0 3 0 0 0
0 0 5 0 0
0 0 4 3 0
0 30 0 0 0
END
0 0 5 0 0
0 0 0 0 6
0 14 0 0 3
1 3 0 0 0
0 0 0 0 0
END
0 0 0 0 0
0 0 31 0 6
0 4 2 0 0
0 0 0 0 0
0 0 11 7 0
END
0 0 18 0 9
0 0 0 0 3
10 0 0 0 0
7 31 0 0 0
0 0 0 0 0
END
20 0 0 0 0
0 0 21 0 0
2 0 3 0 0
0 0 2 0 9
0 0 0 0 0
END
0 0 3 0 0
22 0 0 0 0
0 0 9 0 0
0 0 0 0 0
0 0 0 31 31
END
0 0 0 0 5
2 0 18 0 0
0 0 0 0 1
0 16 0 0 15
0 0 0 0 0
END
2 0 0 0 0
0 0 7 20 5
0 0 0 0 0
0 0 9 0 0
0 0 0 0 16
END
12 0 8 0 0
0 0 0 0 7
0 0 0 0 0
1 13 0 0 0
0 5 0 0 0
END
0 8 0 0 17
0 18 0 20 0
0 0 0 0 0
0 0 0 0 0
0 2 6 0 0
END
0 0 0 14 20
0 0 0 0 0
0 0 6 0 0
0 0 0 0 0
1 0 0 21 20
END
10 7 0 7 0
0 0 0 2 0
11 0 0 0 0
0 0 0 0 0
11 0 0 0 0
END
0 0 0 0 31
0 0 1 3 0
0 0 5 0 0
24 0 4 0 0
0 0 0 0 0
END
0 0 0 8 0
0 0 0 0 0
3 10 0 0 0
0 0 0 0 0
14 7 0 0 5
END
0 0 0 0 0
0 18 0 0 0
0 0 0 25 0
0 0 0 18 30
10 0 0 0 31
END
0 10 28 0 0
7 8 0 0 0
0 0 10 0 0
0 0 0 0 0
0 0 0 8 0
END
19 0 3 0 0
0 0 25 0 0
5 0 30 0 0
0 0 0 0 0
0 4 0 0 0
END
0 0 0 6 0
0 0 14 0 0
0 0 20 0 0
0 0 27 0 4
0 0 0 0 23
END
0 0 0 0 0
0 25 0 29 0
0 0 2 0 0
0 0 0 8 6
0 0 23 0 0
END
0 0 30 0 0
0 0 0 0 0
0 8 0 9 0
11 0 0 0 0
0 5 0 0 7
END
8 0 0 0 0
2 0 0 0 0
0 0 0 0 10
5 12 0 0 22
0 0 0 0 0
END
0 4 0 0 0
0 6 0 0 0
0 8 0 5 0
0 6 0 0 0
0 0 0 0 8
END
0 7 11 0 0
0 0 0 0 0
28 12 0 0 0
5 0 0 0 0
0 0 0 24 0
END
0 0 0 0 0
0 25 0 0 0
0 0 0 27 7
15 7 0 0 0
0 11 0 0 0
END
0 13 18 0 0
3 1 25 0 0
0 15 0 0 0
0 0 0 0 0
0 0 0 0 0
END
0 0 19 0 6
0 0 0 0 7
3 0 0 28 0
0 0 0 0 0
0 0 0 0 7
END
13 0 0 0 0
0 0 0 0 0
1 0 0 0 19
0 0 8 0 0
0 0 6 0 3
END
0 0 0 0 0
0 0 0 0 0
0 0 0 1 0
0 4 0 0 0
2 22 8 0 0
END
0 0 0 0 0
0 3 0 0 19
0 6 0 0 9
0 0 12 0 0
0 0 0 0 0
END
0 0 0 0 0
0 2 0 0 0
0 0 0 0 3
0 0 20 0 0
0 8 0 30 28
END
8 0 5 0 0
0 0 0 0 0
0 0 5 0 19
0 0 26 0 14
0 0 0 0 0
END
0 0 1 0 0
5 0 0 0 6
0 0 0 0 0
0 20 0 0 7
0 0 0 1 0
END
0 0 0 0 0
0 10 0 0 0
0 6 0 0 0
12 0 0 15 0
6 0 0 2 0
END
14 0 0 0 0
0 0 0 23 0
0 4 0 2 0
13 0 0 0 0
0 27 0 0 0
END
2 0 4 3 0
0 0 0 8 0
0 0 31 0 5
0 0 0 0 0
0 0 0 0 0
END
1 0 0 0 0
0 0 0 0 0
19 7 0 0 8
12 27 0 0 0
0 0 0 0 0
END
0 0 8 0 26
0 0 0 3 0
0 0 0 0 2
15 0 0 0 1
0 0 0 0 0
END
0 28 0 0 0
0 0 0 0 0
0 0 0 27 0
0 0 0 0 6
8 0 0 17 1
END
0 0 4 0 0
6 0 0 0 3
0 31 31 0 0
0 0 0 0 0
0 0 3 0 0
END
0 0 0 7 0
14 0 3 0 0
0 0 3 0 6
0 0 0 0 0
10 0 0 0 0
END
0 0 30 6 0
0 1 0 0 7
0 0 0 0 11
0 0 0 31 0
0 0 0 0 0
END
0 0 0 7 29
0 0 0 0 0
2 0 0 0 0
3 3 4 0 0
0 0 0 0 0
END
0 0 6 0 5
0 13 0 0 0
0 0 0 0 0
6 24 19 0 0
0 0 0 0 0
END
0 3 0 21 0
0 0 0 0 16
0 1 0 26 0
0 0 0 0 0
11 0 0 0 0
END
0 0 0 0 0
5 0 4 0 0
0 0 0 0 14
0 0 0 0 15
4 0 25 0 0
END
0 0 4 7 0
5 31 6 0 0
0 0 0 0 0
0 0 0 0 0
0 0 0 0 0
END
20 0 19 0 0
31 0 0 0 0
3 0 3 10 0
0 0 0 0 0
0 0 0 0 0
END
0 0 0 0 0
0 0 0 0 0
0 28 0 0 0
0 2 0 20 23
0 8 0 0 0
END
0 0 26 0 0
17 18 8 9 8
0 0 0 0 0
0 0 0 0 0
0 0 0 0 0
END
0 0 0 0 0
31 17 0 0 8
13 0 0 0 10
0 0 0 0 0
0 0 0 2 0
END
0 0 0 2 0
19 0 0 0 0
0 0 0 0 1
0 0 4 0 0
6 0 0 0 0
END
0 0 0 14 0
2 0 0 0 0
0 0 0 6 0
0 0 0 0 3
0 0 1 0 5
END
0 0 0 0 0
0 0 0 31 6
0 7 11 0 0
1 0 0 0 0
0 0 0 0 0
END
0 0 31 28 0
7 0 0 0 6
0 0 0 0 0
0 11 9 0 0
0 0 0 0 0
END
26 0 0 0 0
0 0 0 0 0
0 0 2 0 15
0 12 0 15 0
0 8 0 0 0
END
0 0 0 8 10
0 2 0 8 0
0 6 0 0 0
0 0 0 2 0
0 0 0 0 0
END
0 0 0 0 30
1 16 7 0 0
0 0 0 0 0
0 0 0 0 0
0 0 0 6 4
END
22 0 0 0 0
0 0 0 0 3
0 15 0 0 0
0 5 0 0 0
0 22 0 0 6
END
0 0 4 0 0
0 0 0 4 0
10 0 0 0 0
10 0 0 25 28
0 0 0 0 0
END
0 0 0 0 0
0 0 21 0 31
0 0 0 16 0
0 0 0 1 0
3 0 0 0 2
END
0 25 0 0 0
15 0 19 0 0
0 5 0 0 0
0 0 0 0 0
11 0 0 0 0
END
0 0 0 9 7
0 0 5 0 0
0 0 0 0 0
0 0 0 0 5
0 0 0 0 3
END
0 0 0 0 0
26 0 0 1 0
0 0 0 17 0
0 0 0 31 0
14 0 0 4 0
END
0 0 0 0 0
0 16 0 31 0
0 5 6 0 29
0 0 0 0 0
0 0 0 0 6
END
0 0 0 0 5
0 0 0 7 0
0 0 0 0 0
0 0 10 0 13
0 15 0 0 15
END
0 1 0 9 0
0 12 0 0 0
0 0 2 0 0
0 23 4 0 0
0 0 0 0 0
END
0 0 0 2 1
6 0 0 25 0
0 2 0 0 0
0 0 21 0 0
0 0 0 0 0
END
11 14 0 0 0
0 0 4 0 0
0 0 0 0 5
0 0 14 7 0
0 0 0 0 0
END
0 0 0 0 4
0 0 4 0 0
1 0 0 0 0
16 0 0 0 8
0 0 0 26 0
END
0 0 0 0 11
21 0 0 11 0
0 0 0 0 0
16 0 17 0 0
0 0 0 0 3
END
0 30 0 0 0
4 0 6 0 0
1 0 0 0 1
0 0 0 0 0
0 6 0 0 0
END
0 3 0 0 0
0 8 30 0 0
9 0 0 1 0
0 0 14 0 0
0 0 0 0 0
END
0 5 4 0 0
29 9 0 0 0
1 0 0 0 19
0 0 0 0 0
0 0 0 0 0
END
0 0 0 0 0
13 0 0 0 8
0 0 0 0 0
0 4 0 0 0
31 0 0 16 0
END
0 0 1 26 0
0 0 0 0 31
0 29 0 6 0
0 0 0 14 0
0 0 0 0 0
END
8 0 0 0 8
0 0 0 0 5
0 11 0 21 0
0 31 0 0 0
0 0 0 0 0
END
0 0 6 0 0
11 0 0 0 14
0 31 0 6 0
0 0 0 0 31
0 0 0 0 0
END
0 0 5 0 19
3 0 0 1 0
0 0 21 0 0
0 0 2 0 0
0 0 0 0 0
END
5 0 0 0 0
0 6 0 0 0
0 0 0 0 0
0 0 0 0 0
4 1 20 0 4
END
31 0 0 0 5
0 0 0 0 8
0 0 0 26 0
0 0 21 0 0
0 0 0 2 0
END
0 4 0 5 0
0 0 0 31 0
0 2 0 0 0
0 0 0 0 0
0 0 4 0 0
END
0 13 0 0 0
1 0 0 0 0
0 0 0 0 0
0 9 0 0 0
0 31 0 0 6
END
0 0 1 0 2
14 0 0 0 0
0 9 0 0 2
0 5 0 0 0
0 0 0 0 0
END
0 6 0 1 0
0 0 0 0 0
0 0 11 0 29
27 13 0 0 0
0 0 0 0 0
END
10 0 31 0 0
8 0 4 0 0
0 0 0 0 0
0 5 8 0 0
0 0 0 0 0
END
26 0 0 25 0
0 0 0 0 0
0 0 0 5 0
23 24 0 0 0
0 0 0 0 6
END
0 0 16 0 0
0 0 2 10 0
0 0 0 0 0
0 13 0 0 12
0 0 27 0 0
END
0 0 0 0 0
22 0 0 8 0
0 0 0 0 0
20 0 12 0 0
0 0 0 9 0
END
0 0 0 0 0
0 0 0 1 6
0 12 1 0 0
2 0 0 0 0
0 23 0 0 0
END
0 0 0 0 0
0 0 0 0 6
0 1 26 0 9
0 0 0 0 0
2 0 0 14 0
END
0 0 0 0 0
22 0 0 0 0
0 0 0 0 0
7 5 0 0 0
18 0 31 0 0
END
8 0 0 0 0
0 0 0 2 0
13 0 0 0 22
0 0 0 0 0
0 4 0 0 30
END
0 0 0 28 0
0 0 7 7 0
0 0 0 0 0
0 0 0 2 0
0 24 4 0 0
END
0 0 0 0 0
0 0 0 0 0
0 24 0 7 0
4 0 0 0 3
0 8 0 0 31
END
0 0 0 0 0
0 0 5 1 0
0 0 0 1 0
0 0 9 0 0
0 0 0 2 0
END
0 0 0 0 0
0 22 0 0 0
0 0 0 14 3
0 20 0 0 0
12 0 4 0 0
END
0 0 7 12 10
0 0 0 0 23
1 0 0 0 0
0 0 0 0 2
0 0 0 0 0
END
0 0 0 25 0
0 0 0 1 0
0 0 0 0 0
2 0 0 8 10
0 0 0 0 0
END
0 0 15 0 14
0 0 0 0 0
0 4 0 0 0
1 0 0 0 19
0 0 0 0 27
END
0 0 0 0 0
8 16 0 16 2
0 18 0 0 0
3 0 0 0 0
0 0 0 0 0
END
0 12 0 12 0
0 0 0 0 0
11 0 0 0 19
0 0 12 0 0
0 0 0 0 0
END
6 0 0 0 0
0 17 0 0 0
0 0 0 4 0
0 0 0 11 25
0 5 0 0 0
END
0 6 0 0 1
0 0 0 31 0
0 0 0 11 0
0 0 0 0 0
0 14 12 0 0
END
0 0 0 2 0
0 0 0 0 0
0 0 0 0 10
0 27 0 0 16
0 31 0 0 5
END
0 0 2 3 0
19 0 0 0 3
0 0 31 0 0
0 0 0 0 0
0 0 0 5 0
END
2 22 0 0 0
0 0 0 0 0
0 0 0 27 0
0 0 0 0 23
31 0 21 0 0
END
13 0 0 0 0
0 0 13 0 10
0 0 0 0 27
0 0 0 14 0
5 0 0 0 0
END
0 0 0 0 0
0 31 8 0 0
0 6 0 0 0
0 0 0 0 0
0 11 0 15 31
END
9 0 0 0 0
0 6 0 31 0
20 0 0 0 5
0 0 0 0 0
0 0 1 0 0
END
0 5 0 0 0
0 0 0 0 0
0 0 3 0 2
0 0 0 0 8
4 0 0 19 0
END
0 0 1 0 0
0 0 12 2 0
0 0 0 0 0
0 1 0 0 0
0 0 4 2 0
END
0 0 0 0 10
0 0 0 0 3
0 1 7 5 0
0 0 0 0 3
0 0 0 0 0
END
0 0 0 0 2
10 0 31 0 0
0 14 0 0 0
0 0 0 26 0
3 0 0 0 0
END
22 0 0 4 0
0 0 0 0 16
0 11 0 9 0
0 0 0 0 0
30 0 0 0 0
END
0 0 0 0 0
0 0 7 0 0
6 0 0 0 0
0 0 3 0 10
0 23 3 0 0
END
0 0 0 0 0
0 0 0 0 0
0 6 9 0 0
6 0 0 0 0
0 24 9 3 0
END
0 0 0 0 0
11 0 0 0 0
6 0 0 0 0
0 0 11 7 0
0 0 17 0 0
END
0 0 0 0 6
0 0 0 10 0
0 0 0 26 0
9 0 6 0 0
0 0 0 0 6
END
4 0 0 0 6
0 23 0 0 0
0 0 0 0 0
8 31 0 0 0
3 0 0 0 0
END
0 0 0 13 0
4 6 8 0 0
0 0 0 0 0
0 0 14 31 0
0 0 0 0 0
END
0 0 26 0 30
0 0 0 0 0
0 0 0 0 0
0 3 1 0 0
0 0 1 0 0
END
0 0 0 5 0
0 11 0 0 0
0 0 9 0 0
0 0 0 0 0
0 9 0 7 9
END
2 0 0 0 0
0 4 0 0 0
0 0 14 0 6
0 0 0 0 0
0 11 0 17 0
END
0 0 0 0 8
0 0 28 0 0
7 0 0 26 0
0 4 0 15 0
0 0 0 0 0
END
0 0 0 0 0
0 0 0 22 23
6 0 0 0 0
0 0 0 0 31
1 0 0 0 12
END
0 0 0 0 8
0 0 0 0 2
0 0 5 0 0
0 7 0 0 3
0 31 0 0 0
END
0 23 8 0 0
9 0 11 0 0
0 0 0 0 4
0 0 9 0 0
0 0 0 0 0
END
0 0 1 0 0
8 0 0 0 0
0 3 0 0 0
0 13 0 0 0
6 0 0 30 0
END
0 0 6 0 9
9 0 0 2 0
0 0 0 0 8
0 0 0 0 0
0 0 0 0 6
END
0 0 0 0 0
0 0 0 2 0
1 5 12 0 0
0 0 0 0 0
17 0 0 1 0
END
7 0 0 22 20
0 0 0 26 0
0 0 0 0 3
0 0 0 0 0
0 0 0 16 0
END
0 0 31 10 0
0 0 15 0 12
0 0 0 0 0
20 3 0 0 0
0 0 0 0 0
END
0 31 10 0 29
7 0 0 0 0
0 0 30 0 0
0 0 0 0 0
0 0 8 0 0
END
0 10 0 0 0
0 0 7 0 0
0 0 0 0 19
31 0 0 13 0
0 0 0 0 0
END
1 0 0 0 0
0 0 0 0 0
3 0 15 0 0
0 0 0 16 10
0 0 6 0 0
END
0 0 10 6 10
0 0 0 0 0
0 0 8 0 0
0 0 0 0 0
4 11 0 0 0
END
19 17 0 0 0
0 5 0 0 0
31 0 0 0 0
0 0 0 0 3
0 0 0 21 0
END
13 0 0 0 31
2 0 0 0 0
0 0 0 0 0
0 0 0 0 6
3 0 22 0 0
END
0 0 0 1 10
5 0 0 0 0
0 31 5 0 0
0 0 0 0 0
3 0 0 0 0
END
8 0 0 1 0
0 12 8 0 0
5 0 0 0 0
0 0 0 0 7
0 0 0 0 0
END
25 0 0 0 0
0 0 0 0 31
0 0 0 8 8
0 0 0 0 1
0 0 0 27 0
END
0 0 9 0 0
0 0 5 0 0
0 0 0 0 4
0 0 3 10 0
0 31 0 0 0
END
0 0 7 29 0
0 0 0 0 0
0 4 31 0 0
0 0 0 0 1
0 0 0 9 0
END
0 1 0 0 0
0 2 24 29 0
0 0 0 0 0
0 0 31 0 0
1 0 0 0 0
END
20 0 11 5 0
0 0 0 0 0
0 0 0 0 0
0 5 0 5 0
0 8 0 0 0
END
7 0 0 0 0
0 9 0 0 0
0 0 0 0 6
0 0 0 0 8
0 8 0 13 0
END
0 0 0 0 0
0 6 26 3 0
0 6 0 0 5
0 0 0 0 0
0 5 0 0 0
END
0 0 30 0 0
0 0 0 0 0
0 0 0 25 21
0 0 0 3 0
0 0 0 1 2
END
8 15 0 0 0
0 0 1 0 0
0 30 0 0 0
0 0 0 0 0
0 0 0 0 4
END
0 0 0 2 0
0 0 11 0 0
0 0 14 0 31
4 0 0 0 0
0 0 8 0 0
END
0 0 13 5 0
0 0 0 0 0
7 0 0 11 0
0 0 0 0 7
0 0 0 12 0
END
0 24 0 0 2
0 0 0 0 2
0 10 0 2 0
0 0 0 0 0
0 27 0 0 0
END
0 0 7 0 0
0 0 0 0 5
0 0 0 3 0
0 8 0 0 9
2 0 0 0 0
END
3 0 0 0 0
0 0 1 0 0
0 0 0 0 25
0 0 0 13 0
0 0 6 0 27
END
24 0 0 0 3
0 17 3 0 0
0 29 0 0 19
0 0 0 0 0
0 0 0 0 0
END
5 0 0 0 0
0 10 0 1 0
0 0 0 5 0
0 0 0 0 0
1 0 0 28 0
END
0 7 0 0 13
0 0 0 0 0
0 7 0 7 0
0 1 0 0 0
0 0 0 25 0
END
0 0 0 0 0
6 0 0 6 0
0 19 0 0 0
0 0 0 14 0
0 5 0 8 0
END
0 0 0 0 0
0 0 0 1 0
0 0 0 6 0
31 0 3 0 6
0 0 0 0 21
END
0 0 0 0 0
0 0 0 0 0
2 0 15 0 4
0 0 0 3 11
0 0 0 0 5
END
1 0 0 0 0
3 0 0 0 0
0 0 10 0 0
8 0 0 15 0
0 0 0 0 12
END
0 21 0 0 0
0 0 0 0 0
11 0 0 9 0
0 4 0 0 0
14 6 0 0 0
END
15 0 0 15 0
0 0 0 0 0
21 0 10 0 14
0 0 0 0 0
0 0 0 0 0
END
0 0 29 0 0
2 0 0 0 26
14 0 0 9 0
0 0 0 0 0
0 0 0 0 0
END
0 0 0 28 0
29 0 4 0 0
0 0 0 0 0
0 0 0 0 5
0 31 0 6 0
END
7 0 11 5 0
0 0 31 0 0
0 0 0 4 0
0 0 0 0 0
0 2 0 0 0
END
0 0 6 8 0
0 0 20 0 0
29 0 0 0 0
7 0 0 0 0
0 0 0 0 29
END
0 0 28 0 0
0 0 0 0 4
3 0 0 0 0
0 0 0 19 0
0 0 0 3 1
END
6 0 0 0 0
0 0 0 0 0
0 3 3 0 0
0 29 11 0 31
0 0 0 0 0
END
0 7 0 7 0
0 6 0 0 0
0 6 0 0 0
0 0 0 0 0
0 0 0 1 0
END
8 0 5 0 0
0 0 0 0 0
0 1 0 0 5
0 0 23 8 0
0 0 0 0 0
END
0 0 0 3 8
0 0 0 0 0
0 0 17 0 0
0 15 0 15 0
2 0 0 0 0
END
14 0 0 0 0
0 0 0 0 0
0 0 13 0 23
0 0 0 0 0
0 15 0 0 12
END
0 0 0 0 0
9 6 0 0 0
0 0 3 0 0
0 11 0 4 0
0 30 0 0 0
END
0 0 0 7 0
0 0 0 0 0
0 0 0 0 0
0 6 0 0 0
4 4 0 7 5
END
0 0 0 9 0
0 0 0 0 1
0 0 0 0 3
0 14 0 0 0
17 15 0 0 0
END
0 0 0 0 5
0 0 0 0 23
31 0 0 0 0
0 31 0 4 0
7 0 0 0 0
END
0 0 0 26 0
0 0 0 2 6
0 2 0 0 3
0 0 0 0 0
0 6 0 0 0
END
0 0 0 0 0
0 1 0 0 0
14 0 0 0 0
0 16 31 0 0
5 0 0 0 24
END
4 0 0 0 0
0 0 21 5 0
0 8 8 0 0
0 0 0 0 0
0 0 0 0 0
END
5 0 0 3 0
0 0 0 0 0
0 0 6 0 0
0 0 0 20 0
0 9 0 0 2
END
0 27 0 0 8
0 0 9 8 0
0 0 0 0 0
0 0 0 0 5
0 0 0 11 0
END
25 0 0 0 0
0 1 0 0 0
0 9 0 0 0
0 2 0 0 0
0 2 0 0 6
END
2 0 0 3 0
0 0 0 0 0
0 1 0 0 0
0 7 16 0 18
0 0 0 0 0
END
23 0 0 17 0
0 0 0 0 0
5 0 0 0 2
0 0 0 0 0
31 0 0 0 0
END
0 0 11 0 0
0 0 0 0 0
0 6 0 2 0
23 0 0 0 0
0 7 0 0 6
END
0 0 0 6 0
0 0 4 6 0
0 0 0 2 8
0 0 0 0 0
0 0 0 0 0
END
29 0 0 0 0
0 0 0 0 0
0 6 0 0 0
7 0 7 21 0
0 0 0 0 0
END
0 0 0 0 0
21 0 5 0 0
7 0 7 0 12
0 0 0 4 0
0 0 0 0 0
END
0 0 0 0 0
31 19 0 0 0
0 0 0 0 12
5 8 0 0 2
0 0 0 0 0
END
0 0 5 0 0
0 0 0 0 0
0 13 0 0 8
12 0 14 0 0
0 0 1 0 0
END
0 0 0 0 12
0 0 6 0 0
0 0 0 0 0
30 0 0 0 0
0 0 24 0 5
END
0 0 21 0 0
0 0 0 31 0
0 0 7 0 0
4 0 0 0 0
4 0 20 0 0
END
0 0 0 27 2
2 0 0 0 0
0 0 0 0 0
0 0 0 0 0
6 0 29 0 15
END
0 0 0 13 0
0 15 0 0 0
0 0 0 0 0
13 9 7 0 0
7 0 0 0 0
END
0 0 13 0 0
0 0 0 0 0
0 0 6 3 14
1 0 0 0 0
0 22 0 0 0
END
0 23 0 0 0
0 0 0 0 6
29 0 14 0 0
7 0 0 0 0
0 0 28 0 0
END
0 0 0 0 0
0 0 4 9 0
0 0 20 0 14
0 0 0 0 6
0 13 0 0 0
END
0 0 0 0 22
0 21 0 8 0
0 0 0 0 0
0 0 5 0 0
0 0 0 5 0
END
0 0 18 5 0
0 0 0 0 0
27 0 0 0 31
0 2 0 0 31
0 0 0 0 0
END
0 6 0 0 0
0 0 31 0 0
0 31 2 0 0
12 8 0 0 0
0 0 0 0 0
END
0 0 13 2 0
0 0 9 0 0
0 2 30 0 0
0 0 0 0 0
0 5 0 0 0
END
0 0 6 0 0
0 0 0 4 0
0 0 0 0 0
0 22 0 0 13
0 0 0 0 8
END
0 31 2 10 0
0 0 0 0 0
0 7 0 0 0
0 7 0 0 0
0 0 0 0 0
END
15 0 0 0 0
0 12 0 0 16
0 0 23 0 0
18 0 0 0 0
0 0 0 18 0
END
0 0 0 0 1
0 0 0 0 0
0 1 0 0 8
0 0 0 12 0
12 1 0 0 0
END
0 0 0 0 0
13 0 0 0 0
0 0 0 0 15
0 27 0 0 15
13 0 0 3 0
END
0 0 13 0 15
0 5 0 0 11
29 0 0 0 0
0 0 0 0 0
0 0 0 13 0
END
0 0 0 0 9
2 0 1 0 0
0 0 0 0 0
0 0 25 11 0
0 6 0 0 0
END
7 0 0 0 0
0 26 0 3 0
0 0 0 0 0
0 17 0 0 0
0 0 0 0 2
END
0 0 0 17 0
0 2 0 0 0
0 0 0 0 0
0 0 21 0 0
0 0 0 2 1
END
0 0 0 0 12
5 0 0 0 0
0 0 0 0 0
15 0 27 0 26
0 27 0 0 0
END
0 12 0 0 0
26 0 9 0 0
0 0 0 0 0
0 0 0 0 0
10 4 0 0 0
END
1 0 0 0 0
0 0 21 15 0
0 0 0 0 0
0 0 2 0 0
0 0 0 1 3
END
0 0 0 16 0
0 0 0 0 0
0 2 23 0 0
0 19 0 0 28
0 14 0 0 0
END
0 24 0 8 0
0 0 0 0 0
0 0 13 6 0
31 0 0 0 0
0 0 6 0 0
END
0 11 9 4 0
0 0 0 0 18
0 0 0 0 0
0 29 24 0 0
0 0 0 0 0
END
16 0 0 0 0
0 12 0 0 0
0 8 1 0 0
0 0 0 3 0
0 0 0 0 0
END
0 0 5 0 6
0 0 0 0 0
0 0 0 0 0
0 0 0 0 6
18 3 12 0 0
END
0 0 0 0 6
0 0 0 18 0
0 6 0 0 18
0 0 0 0 0
7 0 13 0 0
END
0 0 0 0 6
0 0 2 0 0
0 0 8 0 13
0 0 0 0 0
0 0 0 8 13
END
12 0 0 0 6
27 0 0 0 0
0 0 3 0 31
0 0 7 0 0
0 0 0 0 0
END
0 0 0 0 0
0 7 0 9 0
0 0 2 0 0
0 0 0 0 0
0 0 4 11 31
END
0 0 0 0 0
22 23 0 3 0
0 8 0 0 0
31 0 0 0 9
0 0 0 0 0
END
0 0 0 0 0
0 0 0 0 0
0 29 0 11 0
10 0 3 0 0
0 0 2 0 5
END
0 0 0 0 1
0 0 0 0 31
1 19 0 0 0
0 0 4 0 23
0 0 0 0 0
END
4 0 0 0 0
0 0 0 0 0
0 0 0 0 0
0 0 8 28 0
0 0 17 3 14
END
0 8 0 3 0
0 0 0 0 1
0 0 0 0 0
3 0 0 0 0
3 0 0 0 23
END
28 0 0 0 0
0 31 7 0 0
0 0 0 0 0
0 0 2 0 0
0 0 0 21 4
END
0 0 0 3 0
7 0 0 0 0
0 0 0 0 0
2 0 12 0 19
0 2 0 0 0
END
0 0 0 9 0
0 0 0 28 0
2 0 0 0 11
0 0 0 31 10
0 0 0 0 0
END
0 0 0 0 6
0 0 0 0 28
22 30 0 0 0
0 0 0 0 0
1 0 15 0 0
END
23 0 31 0 28
0 0 2 0 0
0 0 0 0 0
0 0 7 0 31
0 0 0 0 0
END
0 0 0 0 0
0 8 0 0 0
0 0 0 0 0
7 15 0 0 0
0 11 7 0 8
END
0 1 0 0 3
0 0 0 0 0
0 0 0 0 0
5 12 0 0 0
0 26 0 0 0
END
0 0 0 0 0
11 0 0 6 0
8 11 0 0 0
0 8 0 5 0
0 0 0 0 0
END
0 0 0 0 5
8 0 0 14 0
1 4 8 0 0
0 0 0 0 0
0 0 0 0 0
END
0 0 0 0 0
0 0 0 0 14
29 31 0 0 0
31 17 0 0 1
0 0 0 0 0
END
0 0 0 25 1
0 0 0 0 0
6 23 0 0 0
0 0 27 0 0
2 0 0 0 0
END
0 0 0 0 7
0 0 0 31 0
21 0 0 6 0
0 0 0 19 0
0 0 0 0 31
END
0 0 0 0 4
0 0 7 0 0
0 0 4 0 3
0 8 0 0 0
0 0 0 0 0
END
0 0 0 0 0
0 0 0 13 0
0 0 10 0 0
0 0 0 0 3
0 5 0 7 0
END
0 0 0 0 0
17 0 0 3 0
4 0 6 0 0
0 18 0 0 0
0 0 0 0 0
END
0 4 0 2 0
0 0 0 1 0
0 0 14 0 0
0 24 0 0 31
0 0 0 0 0
END
0 0 9 0 0
0 10 0 0 11
11 12 0 0 0
15 0 0 0 0
0 0 0 0 0
END
0 0 0 0 0
0 6 0 0 0
0 23 6 0 0
0 0 2 0 0
3 13 0 0 0
END
0 0 0 0 0
0 4 0 0 1
0 26 14 0 0
2 0 0 1 0
0 0 0 0 0
END
0 0 2 0 11
0 0 0 20 0
6 0 0 4 0
0 0 0 0 0
0 0 5 0 0
END
0 13 0 0 0
0 0 0 0 0
0 6 24 0 10
0 14 0 0 0
10 0 0 0 0
END
31 0 0 0 0
24 0 0 0 4
0 0 0 0 0
0 31 0 15 0
0 0 2 0 0
END
1 0 0 0 8
14 0 0 0 0
0 0 0 0 31
8 0 0 7 0
0 0 0 0 0
END
0 0 0 0 0
0 30 0 0 2
0 0 0 22 0
0 0 0 6 0
0 0 0 1 7
END
12 0 0 0 0
22 0 27 0 0
0 0 0 0 13
0 0 0 1 12
0 0 0 0 0
END
0 0 0 0 3
0 4 0 0 0
0 0 0 0 2
0 0 5 0 0
28 0 0 18 0
END
0 0 0 0 0
0 7 0 0 0
0 26 0 6 0
0 0 0 0 31
0 0 0 8 10
END
0 0 4 9 0
0 0 2 31 0
0 0 0 0 0
0 0 7 0 0
0 4 0 0 0
END
7 0 0 0 0
14 0 0 0 0
0 0 0 0 3
0 5 0 0 0
0 0 3 0 0
END
0 0 0 5 0
5 0 0 9 15
0 0 0 0 0
0 0 0 18 0
0 0 6 0 0
END
0 0 4 13 0
0 0 0 0 0
0 0 0 0 21
0 0 0 0 0
0 11 0 11 15
END
7 0 0 3 0
0 5 0 0 9
7 0 0 0 0
0 0 0 0 0
0 0 0 0 6
END
0 4 0 0 0
0 0 0 6 29
0 0 0 4 0
0 7 10 0 0
0 0 0 0 0
END
0 0 0 0 0
0 0 0 31 0
22 0 18 0 0
0 6 0 0 0
17 0 11 0 0
END
10 0 0 0 0
0 13 0 0 12
0 0 4 0 0
0 0 3 0 0
0 7 0 0 0
END
2 0 0 0 24
0 0 0 0 0
0 0 0 0 7
0 7 28 0 0
0 6 0 0 0
END
0 1 0 0 0
0 6 0 0 0
0 0 17 0 0
0 0 7 0 0
0 0 3 0 6
END
1 0 0 0 0
0 0 0 4 0
8 0 0 0 31
0 0 0 0 0
14 0 31 0 0
END
0 0 0 1 0
0 0 0 31 4
23 0 0 0 0
0 0 0 0 0
0 0 12 31 0
END
0 0 31 0 9
0 0 0 13 1
0 9 0 0 0
5 0 0 0 0
0 0 0 0 0
END
0 0 0 0 0
12 0 0 0 0
0 0 0 0 9
0 6 0 0 5
0 0 17 6 0
END
18 0 0 0 0
3 4 0 0 0
0 0 0 18 0
0 0 0 0 6
0 0 0 7 0
END
0 0 0 0 5
0 9 0 0 0
0 0 0 0 8
0 0 14 5 0
2 0 0 0 0
END
30 0 0 0 10
0 0 0 0 0
11 2 0 0 0
0 0 0 0 0
0 23 22 0 0
END
0 0 5 0 0
0 0 0 0 0
27 2 0 0 0
0 0 9 9 0
0 0 25 0 0
END
0 4 0 0 0
0 0 0 0 0
0 0 18 0 11
0 0 0 0 3
6 0 0 0 9
END
0 0 0 8 0
0 0 0 0 0
0 30 11 8 0
0 0 0 12 0
0 0 0 27 0
END
24 0 0 0 0
0 4 0 31 0
0 6 0 0 0
0 0 0 22 0
0 3 0 0 0
END
0 13 0 0 2
0 0 0 2 0
0 0 0 1 20
0 0 0 0 28
0 0 0 0 0
END
0 0 0 0 20
0 7 1 0 0
0 0 0 0 0
6 6 0 0 0
0 0 0 0 0
END
0 0 0 0 0
7 0 0 0 2
0 0 0 0 14
12 0 7 0 0
0 0 0 22 0
END
0 23 31 4 0
0 0 0 0 0
0 0 0 5 0
0 0 0 0 31
0 0 13 0 0
END
0 0 0 0 0
0 0 0 12 0
0 0 13 0 7
2 0 0 2 0
0 0 21 0 0
END
0 0 21 0 0
0 8 0 0 0
0 0 0 0 7
0 0 0 5 2
0 0 0 9 0
END
0 0 0 0 16
28 0 31 0 0
5 0 0 0 0
8 24 0 0 0
0 0 0 0 0
END
0 0 12 0 1
0 10 0 0 0
0 0 0 0 4
0 0 0 16 0
14 0 0 0 0
END
0 0 0 12 0
0 0 8 0 2
0 5 0 5 0
21 0 0 0 0
0 0 0 0 0
END
0 0 0 0 3
16 0 0 6 0
20 0 0 0 0
0 0 0 0 0
2 0 0 0 0
END
0 0 0 0 0
0 2 0 0 0
0 0 0 3 0
0 0 0 0 12
1 0 1 2 0
END
16 7 0 0 0
27 0 0 0 0
0 0 0 0 0
0 2 0 8 0
0 24 0 0 0
END
0 21 0 26 0
0 0 4 0 0
0 0 0 0 0
0 6 8 9 0
0 0 0 0 0
END
0 0 0 0 5
7 0 0 0 8
1 12 0 0 0
0 0 0 0 0
0 2 0 0 0
END
3 0 0 0 31
0 12 0 0 0
0 0 0 0 7
27 0 0 0 0
0 0 0 0 31
END
0 0 0 0 0
0 0 0 0 2
0 0 0 4 26
5 0 3 0 0
0 0 0 0 23
END
0 0 0 0 5
0 0 0 1 0
0 0 0 0 0
0 0 6 0 0
0 16 15 0 8
END
4 0 0 0 0
5 0 0 0 7
0 0 0 0 0
14 31 11 0 0
0 0 0 0 0
END
0 0 0 0 0
0 0 0 0 12
5 0 2 18 0
0 13 0 0 0
0 0 0 19 0
END
0 0 0 0 0
0 0 0 0 0
0 2 13 15 0
0 0 0 0 9
0 0 0 0 31
END
0 0 0 0 0
22 0 0 7 5
29 0 0 10 0
0 0 0 0 0
0 1 0 0 0
END
0 0 0 0 0
6 15 31 0 0
0 0 0 2 29
0 0 0 5 0
0 0 0 0 0
END
23 0 0 12 8
0 0 0 31 0
0 0 0 2 0
0 0 0 0 0
0 0 0 0 1
END
0 20 0 0 0
0 1 0 0 0
26 0 0 0 0
1 4 0 0 0
0 0 0 0 0
END
0 31 0 0 0
0 0 0 0 2
0 0 2 0 0
7 0 0 0 5
0 0 0 0 1
END
0 0 0 14 0
0 0 1 0 0
16 0 2 0 0
0 19 0 24 0
0 0 0 0 0
END
4 0 0 0 14
0 0 0 0 2
0 0 0 0 0
0 0 13 0 0
0 3 6 0 0
END
26 0 0 0 0
29 0 15 0 12
0 0 0 0 16
0 0 0 0 0
0 9 0 0 0
END
0 7 5 0 0
0 14 6 0 0
0 0 0 0 0
0 8 0 0 0
0 3 0 0 0
END
0 0 0 0 31
0 0 0 0 0
4 22 0 22 0
0 0 0 0 0
12 7 0 0 0
END
1 0 0 14 9
0 0 0 0 0
0 0 0 0 31
0 0 27 0 0
0 0 0 17 0
END
0 0 0 0 2
0 0 0 3 0
6 0 0 0 0
7 6 0 0 0
0 0 0 9 0
END
0 0 0 0 8
0 20 0 0 0
11 0 0 5 0
0 8 0 2 0
0 0 0 0 0
END
0 0 0 0 1
0 0 0 0 0
28 9 12 0 6
0 0 0 0 3
0 0 0 0 0
END
0 0 0 0 7
0 8 0 0 0
25 9 0 0 2
0 0 0 0 0
0 0 0 0 14
END
15 0 0 4 0
0 0 0 0 0
0 0 0 0 10
0 1 0 0 0
7 0 7 0 0
END
13 0 0 0 0
0 0 0 0 0
0 31 0 0 0
0 5 2 0 0
0 0 0 17 3
END
0 0 0 0 0
0 10 12 23 0
0 0 0 21 0
0 0 0 15 10
0 0 0 0 0
END
0 0 0 4 0
7 0 0 0 0
0 0 0 29 0
0 3 0 0 0
0 0 6 11 0
END
0 0 0 0 0
0 0 0 0 0
8 0 0 24 0
0 2 7 0 0
31 24 0 0 0
END
0 0 0 0 1
0 0 30 7 0
0 0 0 0 0
0 8 0 1 0
0 6 0 0 0
END
0 16 0 0 0
0 10 0 0 1
0 0 0 0 11
0 0 0 4 0
0 0 0 15 0
END
0 0 2 21 0
0 0 0 24 0
0 0 1 0 0
0 0 0 0 17
8 0 0 0 0
END
0 4 0 0 0
0 5 0 0 0
7 22 12 0 0
0 0 0 13 0
0 0 0 0 0
END
3 0 0 2 0
0 0 1 0 0
0 0 0 0 0
15 0 0 0 0
3 0 5 0 0
END
3 0 0 0 0
0 0 0 0 6
0 0 9 0 0
20 0 0 7 0
0 0 27 0 0
END
0 8 0 0 0
0 0 0 7 6
0 6 18 0 0
0 0 0 0 0
0 0 0 9 0
END
7 0 0 0 21
0 0 0 0 8
0 0 0 0 0
0 3 0 0 24
0 0 20 0 0
END
11 21 0 0 0
0 0 0 7 0
0 20 0 13 0
0 0 0 0 0
7 0 0 0 0
END
0 31 0 22 0
0 0 7 0 6
0 0 0 0 0
0 0 12 0 0
0 0 0 0 25
END
0 0 0 12 0
0 28 0 0 0
0 0 0 0 0
28 17 0 2 4
0 0 0 0 0
END
0 9 0 0 0
28 0 0 0 0
0 0 0 0 0
0 0 0 7 31
3 0 3 0 0
END
0 12 0 0 0
0 0 0 0 2
0 8 0 0 24
0 0 0 0 0
0 0 0 1 23
END
0 18 0 0 0
0 0 0 6 0
0 0 9 0 0
2 0 0 0 0
0 0 0 23 0
END
0 31 0 0 0
0 3 6 0 0
17 0 0 0 0
0 0 0 0 0
0 0 3 0 5
END
0 0 0 0 0
0 0 0 3 0
0 0 0 0 9
0 0 0 31 0
0 28 12 0 6
END
0 0 0 0 21
0 0 0 2 4
0 24 0 0 2
0 17 0 0 0
0 0 0 0 0
END
0 0 0 15 0
0 0 0 0 0
17 0 7 0 10
0 0 0 0 0
0 0 8 12 0
END
2 0 0 0 0
0 0 0 31 0
0 1 0 0 0
0 0 0 0 0
0 0 0 13 2
END
0 0 0 11 0
14 0 0 0 11
0 0 8 0 2
0 7 0 0 0
0 0 0 0 0
END
0 7 5 0 0
0 0 6 0 0
24 0 0 0 2
0 0 0 0 0
0 0 0 0 3
END
0 0 0 0 0
0 0 0 31 0
0 0 0 0 0
0 0 0 0 7
31 0 14 31 0
END
0 0 12 0 0
5 0 0 0 0
5 0 4 10 0
0 0 0 0 0
0 0 19 0 0
END
0 9 0 0 9
0 0 0 0 0
13 0 0 0 0
0 10 0 0 20
1 0 0 0 0
END
0 0 0 0 0
30 7 0 0 30
0 0 29 0 0
0 8 0 0 0
0 0 4 0 0
END
1 0 0 0 0
0 0 0 0 0
0 2 0 0 0
15 2 0 0 31
0 0 14 0 0
END
0 0 0 0 0
11 0 0 0 0
0 2 0 0 22
7 0 0 0 0
1 2 0 0 0
END
0 7 15 0 0
0 2 0 0 25
3 0 0 0 0
0 0 0 0 0
0 0 0 0 18
END
0 0 0 0 0
0 0 8 11 0
6 0 0 0 8
0 0 0 0 6
6 0 0 0 0
END
0 0 0 6 0
0 5 0 4 0
0 0 0 0 4
0 6 0 0 0
0 0 0 0 25
END
0 0 0 0 0
0 0 0 14 0
0 11 0 0 0
31 0 0 12 18
4 0 0 0 0
END
0 0 0 0 30
0 0 0 0 0
2 5 0 0 7
0 0 0 15 0
12 0 0 0 0
END
0 0 0 0 14
11 0 0 0 0
0 8 0 0 0
0 0 4 0 14
0 8 0 0 0
END
0 0 0 0 5
4 17 0 0 0
5 0 10 0 0
0 0 0 0 22
0 0 0 0 0
END
0 0 0 0 28
0 0 0 0 0
0 0 0 0 31
0 12 0 0 31
0 1 0 0 3
END
5 0 30 0 0
0 0 29 0 0
0 0 1 0 0
0 0 0 0 29
0 0 7 0 0
END
0 0 0 0 0
0 0 0 0 0
0 25 0 0 0
6 0 24 8 7
0 0 0 27 0
END
0 4 8 0 0
30 0 0 30 0
0 0 0 0 0
0 0 11 7 0
0 0 0 0 0
END
0 0 0 0 0
0 31 0 0 0
0 0 21 2 25
0 0 0 25 0
0 0 0 0 2
END
0 0 8 0 0
0 20 0 0 0
13 13 0 11 0
0 0 0 0 0
0 0 0 9 0
END
19 0 21 0 0
0 12 0 0 25
1 0 0 0 7
0 0 0 0 0
0 0 0 0 0
END
0 0 0 0 7
0 0 14 0 0
11 0 0 4 0
0 15 0 0 0
0 16 0 0 0
END
0 0 0 0 5
0 0 3 0 0
0 0 0 0 0
4 0 0 0 19
22 0 0 0 0
END
0 0 0 0 0
0 0 0 0 10
2 0 3 0 0
0 0 26 5 0
0 0 0 0 0
END
30 0 0 0 0
13 19 0 0 8
0 0 0 0 0
0 16 0 0 0
0 0 0 28 0
END
15 0 0 0 0
6 0 0 0 0
0 0 0 2 0
0 0 0 0 7
0 0 13 0 19
END
0 0 0 0 0
8 0 0 0 0
0 0 0 0 8
0 7 0 0 6
0 0 3 0 1
END
0 5 0 0 0
18 0 0 0 0
9 0 0 0 0
0 0 7 5 0
0 0 3 0 0
END
0 0 0 0 19
0 0 0 1 0
0 23 0 26 0
0 0 0 3 0
0 0 7 0 0
END
0 0 1 0 0
0 8 0 0 0
0 0 0 0 15
25 0 0 13 0
4 0 0 0 0
END
0 5 0 0 0
0 0 9 15 0
0 0 0 0 0
0 0 0 0 0
0 0 12 10 4
END
0 0 0 6 0
0 0 0 0 0
0 0 14 0 29
12 0 0 1 0
0 0 4 0 0
END
0 0 0 0 0
0 0 18 0 0
0 0 0 0 0
4 0 0 22 8
0 0 0 15 0
END
0 0 0 0 3
0 0 0 0 0
17 0 29 0 0
0 0 7 0 22
0 0 0 7 0
END
0 0 0 0 0
0 0 0 0 0
0 0 0 0 31
0 0 2 9 4
0 0 0 4 19
END
0 0 7 5 0
0 0 0 0 0
0 0 0 0 7
0 3 0 3 0
0 0 0 13 0
END
0 0 0 0 0
27 0 0 7 0
0 0 0 0 0
8 0 0 6 0
11 6 0 0 0
END
0 7 0 0 0
14 0 0 0 4
0 6 0 0 0
0 0 0 16 0
0 0 3 0 0
END
0 0 0 22 8
0 0 31 0 0
0 2 5 0 0
0 0 0 0 6
0 0 0 0 0
END
19 0 0 0 5
0 0 0 8 0
0 0 0 31 0
0 0 0 8 0
29 0 0 0 0
END
0 0 0 0 13
22 24 0 0 0
0 0 0 5 22
0 0 0 0 0
0 5 0 0 0
END
8 0 0 11 0
0 0 4 0 0
0 8 0 0 20
0 11 0 0 0
0 0 0 0 0
END
0 0 0 0 5
0 1 0 0 0
0 7 10 0 0
0 1 10 0 0
0 0 0 0 0
END
31 0 0 4 0
0 0 6 0 0
0 0 20 0 0
0 0 0 0 13
9 0 0 0 0
END
0 0 0 0 0
0 5 0 0 0
6 0 0 23 0
5 0 0 0 0
0 15 0 0 20
END
7 0 0 0 21
0 0 31 0 0
0 0 0 0 0
0 11 0 28 0
0 0 30 0 0
END
5 0 0 0 0
0 0 0 0 0
0 5 0 0 0
24 0 0 0 31
4 30 0 0 0
END
16 0 0 0 0
0 0 14 0 31
0 0 0 0 0
0 15 0 0 0
6 15 0 0 0
END
0 4 0 0 0
0 0 0 7 0
0 11 8 0 0
0 0 4 3 0
0 0 0 0 0
END
9 21 0 0 0
9 0 0 0 0
0 0 0 9 0
0 0 0 31 0
0 0 0 0 0
END
24 0 0 3 11
0 0 0 0 0
0 0 0 19 0
0 18 0 0 0
0 0 19 0 0
END
0 26 0 0 30
0 16 0 0 0
8 0 0 0 0
3 0 0 30 0
0 0 0 0 0
END
12 31 0 0 17
0 0 0 0 0
0 0 24 0 0
0 0 0 28 0
0 0 14 0 0
END
0 0 20 0 1
0 0 27 0 0
0 0 0 0 0
0 0 0 2 30
14 0 0 0 0
END
0 7 0 0 0
0 0 0 0 0
11 0 0 26 0
20 5 0 30 0
0 0 0 0 0
END
21 0 5 0 14
0 0 0 1 0
0 26 0 0 0
0 0 0 31 0
0 0 0 0 0
END
0 0 14 0 0
0 0 28 0 0
0 0 8 0 0
8 0 0 0 0
0 0 0 10 2
END
0 1 0 0 0
0 0 0 0 2
0 21 0 23 0
0 0 0 0 30
0 0 19 0 0
END
8 0 0 0 0
0 0 0 0 9
31 0 0 18 0
1 0 0 0 0
0 0 4 0 0
END
0 0 7 0 0
0 0 0 0 0
0 0 15 0 3
0 0 0 17 0
0 5 13 0 0
END
0 0 8 0 14
0 0 0 22 4
0 0 0 0 0
0 0 0 0 0
0 0 3 0 0
END
1 0 6 2 0
0 0 0 0 0
0 0 0 0 25
19 0 0 0 0
0 0 0 10 0
END
15 0 0 0 0
25 0 0 0 17
0 0 0 1 0
16 0 0 0 0
5 0 0 0 0
END
25 0 0 0 0
0 0 0 8 5
28 0 0 2 0
0 0 0 0 0
0 0 29 0 0
END
0 5 0 0 6
7 0 0 0 0
0 0 2 0 0
0 0 0 0 0
0 0 7 0 0
END
0 0 0 0 0
0 0 30 0 0
0 0 0 0 8
2 0 13 0 0
0 11 0 7 0
END
0 0 1 17 0
0 0 0 0 0
0 0 31 0 17
8 0 0 0 0
0 0 23 0 0
END
0 0 0 0 1
0 12 0 0 1
0 0 0 1 0
0 0 0 0 0
3 0 0 18 0
END
0 0 31 0 0
0 0 0 8 1
0 0 0 6 10
0 0 0 0 0
0 0 0 0 24
END
0 0 0 0 6
0 29 18 0 0
5 0 0 0 0
0 0 26 0 0
0 0 0 0 21
END
1 23 13 13 0
0 0 0 0 7
0 0 0 0 0
0 0 0 0 0
0 0 9 0 0
END
0 3 0 0 0
0 0 0 0 0
4 2 0 0 0
0 0 12 0 3
28 0 0 0 0
END
6 0 0 0 28
5 0 0 0 26
0 12 6 0 0
0 0 0 0 0
0 0 0 0 0
END
0 0 15 1 0
0 0 0 0 0
10 0 0 0 8
0 0 0 0 3
0 0 11 0 0
END
0 31 0 0 0
30 0 0 0 5
0 0 0 2 0
0 0 0 0 0
6 0 0 30 0
END
0 0 0 0 31
29 8 0 29 0
0 0 0 0 1
0 0 0 0 30
0 0 0 0 0
END
0 0 24 0 0
8 0 23 0 0
0 0 0 0 0
7 21 0 0 0
31 0 0 0 0
END
15 0 0 0 0
8 0 0 0 0
3 0 0 0 3
5 0 0 0 0
0 8 0 0 0
END
17 0 4 7 0
13 0 0 0 0
0 3 0 0 0
0 0 15 0 0
0 0 0 0 0
END
0 1 2 0 0
0 0 0 0 0
0 0 28 5 0
0 0 24 0 0
0 0 0 14 0
END
0 0 8 0 0
0 0 0 0 7
0 0 0 0 3
0 0 0 0 0
31 3 4 0 0
END
2 0 13 0 0
0 31 0 0 0
31 0 0 1 0
0 0 0 0 0
0 0 0 0 9
END
7 0 0 0 0
0 1 0 0 0
0 16 0 0 0
0 0 0 15 2
0 0 0 0 1
END
0 0 0 0 0
1 1 0 0 0
0 0 8 0 0
0 0 2 0 24
0 0 2 0 0
END
5 0 31 0 0
0 0 0 6 0
0 0 0 0 0
0 9 0 0 0
0 13 16 0 0
END
0 30 0 26 0
0 5 0 0 0
0 4 0 0 4
0 0 0 0 0
0 0 0 5 0
END
0 0 0 5 31
0 0 0 0 10
0 0 0 0 0
0 9 0 0 0
0 27 0 31 0
END
0 2 0 0 0
0 0 0 1 13
0 0 17 0 0
0 0 0 0 7
0 0 0 0 2
END
0 0 0 0 3
13 0 0 0 7
0 0 10 0 3
0 15 0 0 0
0 0 0 0 0
END
0 5 0 27 5
0 0 0 0 0
0 0 0 0 0
0 0 0 0 0
0 5 18 7 0
END
21 0 10 0 0
0 8 0 0 0
0 0 0 27 0
13 0 0 0 0
0 0 13 0 0
END
23 0 29 0 0
16 0 31 0 21
0 0 0 0 0
0 0 0 0 0
0 0 0 0 4
END
0 0 0 0 0
0 0 0 31 0
0 20 0 0 0
3 0 9 0 0
0 0 0 0 1
END
0 0 0 30 0
0 0 0 0 0
0 0 0 25 0
0 0 14 0 14
8 19 0 0 0
END
0 0 0 0 0
0 0 4 0 19
3 0 0 0 0
7 12 0 0 0
0 0 0 0 1
END
0 0 14 0 0
0 0 0 0 0
0 4 12 11 0
0 0 12 0 0
19 0 0 0 0
END
24 0 0 0 4
6 8 0 0 0
0 0 0 0 0
0 0 0 0 0
0 0 0 3 23
END
15 0 0 0 0
5 0 0 0 0
0 0 0 3 6
0 0 28 0 0
0 11 0 0 0
END
0 2 0 6 0
0 0 2 0 0
0 0 0 0 0
0 0 0 6 0
0 31 0 0 13
END
0 0 0 0 11
0 0 0 0 13
0 16 0 0 11
0 0 3 0 31
0 0 0 0 0
END
0 0 0 0 0
0 0 15 0 0
31 0 0 0 0
24 7 0 0 0
25 0 0 0 0
END
31 21 0 0 0
0 0 0 0 0
0 11 0 27 0
0 4 0 0 23
0 0 0 0 0
END
0 0 0 0 0
3 0 0 0 3
0 0 0 31 0
0 8 0 0 0
4 6 0 0 0
END
0 0 5 0 0
0 4 0 0 0
0 0 0 0 0
0 0 7 0 0
0 0 16 5 7
END
0 0 0 7 25
0 0 0 18 0
0 31 0 0 0
29 0 0 0 0
0 1 0 0 0
END
0 5 0 0 0
0 0 0 0 0
0 0 0 0 0
3 0 31 0 0
27 9 0 0 21
END
0 3 0 0 0
0 8 15 0 0
4 0 21 0 0
0 23 0 0 0
0 0 0 0 0
END
0 0 15 0 0
0 0 0 0 0
10 25 29 0 0
0 0 0 0 31
0 0 31 0 0
END
0 0 0 5 0
0 0 31 0 0
0 0 0 0 7
0 0 13 0 0
9 0 0 13 0
END
0 0 0 0 0
0 0 1 4 0
0 3 0 0 0
0 17 0 0 0
26 3 0 0 0
END
0 0 1 10 0
0 8 0 0 0
0 0 0 4 0
0 0 0 0 0
0 0 0 15 6
END
0 0 10 0 0
5 0 0 19 0
0 0 0 0 0
4 0 0 0 0
0 0 0 20 18
END
0 1 13 16 0
0 0 0 0 11
0 0 0 0 0
0 30 0 0 0
0 3 0 0 0
END
0 10 0 5 0
0 17 0 0 0
0 0 0 0 0
0 0 0 21 0
0 30 0 9 0
END
0 0 25 0 0
1 0 24 0 5
0 0 0 0 0
15 0 0 0 0
0 0 14 0 0
END
0 16 0 31 0
0 0 0 0 0
0 0 8 0 0
0 0 0 8 24
0 0 0 25 0
END
0 0 0 0 0
0 0 0 0 20
4 0 0 7 2
0 9 0 11 0
0 0 0 0 0
END
7 15 28 0 0
7 0 0 0 0
0 0 4 0 0
0 0 0 0 0
31 0 0 0 0
END
0 0 0 0 0
0 0 0 13 0
0 15 0 0 0
0 0 8 15 0
10 5 0 0 0
END
0 0 0 15 0
0 6 0 0 0
1 0 0 0 0
0 0 0 8 3
0 0 0 25 0
END
25 0 0 0 0
0 0 0 0 0
4 0 0 28 0
20 0 0 31 0
0 2 0 0 0
END
0 0 0 0 0
0 0 4 0 1
0 0 0 8 1
0 0 2 0 0
0 0 0 0 17
END
31 0 0 19 0
0 0 3 7 0
0 0 0 0 0
0 2 10 0 0
0 0 0 0 0
END
0 4 0 0 30
0 0 0 0 0
0 3 0 4 7
0 0 0 29 0
0 0 0 0 0
END
9 7 0 0 0
0 0 7 0 0
24 0 0 0 0
0 0 0 0 4
0 0 0 6 0
END
0 0 0 0 9
1 0 8 0 0
5 0 0 0 0
3 3 0 0 0
0 0 0 0 0
END
0 0 0 10 0
0 0 0 14 0
12 0 0 1 0
0 0 0 0 0
0 2 0 0 6
END
0 0 0 0 0
9 29 9 5 0
0 11 0 0 0
0 0 0 0 0
0 0 0 0 0
END
0 0 0 6 0
0 0 0 0 0
21 0 0 12 0
0 0 0 31 0
0 0 16 0 31
END
0 0 9 0 0
0 31 11 2 0
0 0 0 0 0
0 0 0 0 0
0 19 13 0 0
END
0 0 0 0 0
0 14 0 0 31
0 6 0 0 0
11 0 0 0 8
0 0 0 9 0
END
0 0 4 0 0
4 0 0 0 2
16 0 0 0 0
0 0 0 0 0
0 7 13 0 0
END
12 0 7 0 0
0 0 0 0 8
0 0 0 0 0
0 0 0 28 0
0 0 30 0 31
END
0 0 0 0 0
0 13 0 0 0
0 0 0 0 0
8 8 0 9 1
0 0 0 0 15
END
8 0 4 0 0
3 14 0 0 7
0 0 0 0 0
0 10 0 0 0
0 0 0 0 0
END
0 0 0 3 0
0 27 0 0 0
0 2 20 0 0
20 0 0 1 0
0 0 0 0 0
END
0 0 0 0 0
0 0 0 0 0
0 5 0 0 0
26 31 28 0 0
5 0 6 0 0
END
31 0 3 0 0
0 0 0 0 0
0 0 0 0 8
0 0 20 28 0
0 0 0 0 0
END
0 0 0 0 0
0 4 0 0 0
0 0 0 0 0
0 0 8 7 20
0 0 4 4 0
END
1 0 0 13 0
11 0 0 0 5
0 0 8 0 0
0 0 5 0 0
0 0 0 0 0
END
0 0 0 0 0
8 0 0 0 0
0 0 0 0 0
0 25 0 31 7
0 1 0 31 0
END
0 0 0 0 0
0 0 0 7 0
12 0 0 0 0
16 0 19 0 0
0 0 0 22 0
END
21 0 0 0 0
0 26 20 0 0
0 0 7 0 0
6 4 0 0 0
0 0 0 0 0
END
0 0 14 0 0
0 7 0 1 0
0 0 0 29 0
0 6 0 0 0
0 0 0 0 0
END
0 0 0 1 0
0 21 0 0 0
0 0 0 0 0
0 16 0 0 0
5 0 14 21 0
END
0 8 0 0 0
0 0 7 0 0
0 0 14 0 8
0 0 0 0 0
0 8 24 0 0
END
5 0 15 0 0
0 0 0 0 0
0 11 0 0 0
0 0 0 22 22
0 0 4 0 0
END
0 0 12 0 0
0 0 0 0 0
0 8 0 0 12
0 0 0 0 0
0 7 26 0 0
END
18 0 0 0 28
0 0 0 1 0
0 13 0 0 0
8 0 0 0 25
0 0 0 0 0
END
0 27 0 0 0
0 31 0 0 0
0 0 5 0 0
6 0 4 0 0
0 24 0 0 0
END
0 0 0 0 0
0 0 0 10 0
0 0 0 1 0
16 1 31 0 0
0 0 11 0 0
END
0 26 0 0 8
0 0 1 25 0
0 0 0 4 0
0 0 0 0 0
0 22 0 0 0
END
