10 16 4 10 1000
0 0 0 0
0 0 0 0
0 4 0 0
6 3 0 0
END
0 0 0 0
0 2 0 0
0 0 0 1
3 3 0 0
END
0 3 0 0
0 4 0 0
0 0 0 0
0 9 2 0
END
0 3 0 0
9 0 0 6
0 0 0 0
0 0 0 0
END
0 0 0 0
0 5 0 0
0 0 3 0
3 0 0 0
END
0 0 0 0
0 0 0 3
2 0 2 0
0 0 0 2
END
0 0 0 0
0 0 0 2
2 0 1 0
0 9 0 0
END
0 0 0 0
0 0 3 9
0 0 0 0
0 9 0 0
END
2 0 0 0
0 0 0 0
4 0 0 0
0 0 0 4
END
0 0 0 9
0 0 0 5
0 10 0 6
0 0 0 0
END
5 0 0 0
0 0 0 0
0 1 0 0
0 3 0 0
END
6 0 0 0
0 0 5 0
7 0 0 0
0 0 0 0
END
0 0 0 0
0 0 6 0
0 0 8 0
0 5 0 0
END
8 0 0 0
0 2 0 0
0 0 2 0
0 0 0 0
END
0 0 0 0
10 0 0 0
1 0 0 0
0 0 2 0
END
0 0 0 0
0 0 0 0
0 0 2 0
2 3 0 0
END
0 8 0 0
0 0 0 0
0 0 0 6
2 0 0 0
END
0 0 0 0
0 0 0 4
0 0 9 0
0 0 0 2
END
0 0 1 4
0 0 0 0
0 0 0 0
0 6 0 0
END
0 0 0 0
0 0 0 0
0 2 0 5
0 0 0 3
END
0 0 0 0
0 2 0 6
7 0 0 0
0 2 0 0
END
0 0 0 5
0 0 0 3
0 0 0 0
0 4 0 0
END
4 0 0 0
0 2 0 0
0 3 0 0
0 0 0 0
END
0 0 0 0
0 0 8 6
0 0 0 0
8 0 0 1
END
0 0 0 0
10 0 0 0
0 1 9 0
0 0 2 0
END
0 0 0 0
0 0 9 0
0 0 0 10
0 2 0 0
END
0 0 0 0
0 3 3 0
0 0 0 0
0 0 0 3
END
0 0 0 9
0 0 0 0
0 2 0 0
0 0 0 2
END
0 0 0 0
0 0 0 0
0 0 0 3
0 0 2 2
END
0 0 0 0
0 0 0 8
1 0 0 0
2 0 0 0
END
0 3 0 0
0 0 0 4
0 0 0 0
0 0 0 2
END
0 0 0 0
0 1 0 3
0 0 0 0
0 0 0 1
END
0 0 0 0
0 10 0 1
0 0 0 3
0 0 0 0
END
0 0 5 1
0 0 0 0
3 0 0 0
0 0 0 0
END
0 0 0 10
4 0 0 0
0 0 0 0
0 0 0 7
END
0 0 2 0
0 0 0 0
0 0 1 0
0 3 0 0
END
0 0 0 0
8 0 0 1
0 0 0 0
0 0 0 2
END
0 11 0 0
3 0 0 6
0 0 0 0
0 1 0 0
END
0 0 0 0
0 0 0 6
0 0 0 1
0 0 0 5
END
0 0 2 1
0 0 0 0
0 6 0 0
0 0 0 0
END
0 0 0 0
2 0 0 3
0 0 2 0
0 0 0 1
END
0 0 1 0
0 0 0 0
0 0 3 0
1 0 0 0
END
0 0 2 0
0 8 0 2
0 0 0 0
0 0 0 0
END
0 0 0 0
0 0 0 2
0 0 1 1
0 0 0 0
END
0 0 0 0
0 0 0 1
10 0 1 0
0 0 0 0
END
0 0 0 0
0 0 0 2
0 0 1 0
0 5 0 0
END
6 0 7 0
1 0 0 0
0 0 0 0
0 0 0 0
END
0 4 0 0
0 0 3 0
0 8 0 0
0 0 6 0
END
2 0 0 0
0 0 0 1
0 9 3 0
0 0 0 0
END
1 0 0 0
7 0 0 0
0 0 0 0
0 8 0 2
END
4 0 0 0
0 0 0 0
3 3 0 0
0 0 0 0
END
5 0 0 0
0 3 0 0
0 0 3 1
0 0 0 0
END
0 0 0 0
0 0 2 0
2 0 0 0
0 0 0 2
END
0 0 0 0
0 0 10 3
0 0 0 0
0 1 0 1
END
5 0 6 0
0 0 0 0
0 0 0 0
4 0 0 0
END
0 0 2 0
0 0 0 0
0 0 8 0
0 1 0 0
END
0 0 0 7
0 0 2 0
0 0 0 0
0 1 0 0
END
0 0 2 0
0 0 0 1
0 0 0 0
2 0 0 0
END
0 0 0 1
9 1 0 3
0 0 0 0
0 0 0 0
END
0 0 0 1
0 0 0 0
0 0 2 0
0 0 4 0
END
0 0 2 0
2 0 0 0
0 0 4 0
0 0 0 0
END
0 0 0 0
0 0 4 1
3 0 0 0
0 0 0 0
END
1 0 0 0
0 0 0 0
0 0 1 3
0 0 0 0
END
0 0 10 0
0 0 0 0
0 0 0 2
0 0 0 8
END
3 4 0 0
3 0 0 0
0 0 0 0
0 0 0 0
END
0 0 5 0
4 0 0 0
0 0 0 0
0 0 5 0
END
0 0 0 3
0 8 3 0
0 0 0 1
0 0 0 0
END
0 0 0 0
0 3 0 0
4 0 0 0
0 0 5 0
END
0 0 0 0
0 0 0 0
5 3 9 0
0 0 0 0
END
0 0 4 0
0 0 0 0
0 11 0 0
0 0 0 6
END
0 0 0 0
0 0 0 0
0 10 4 0
0 3 3 0
END
0 1 0 0
1 0 0 2
0 0 0 0
0 0 0 0
END
0 0 4 0
0 0 0 0
0 0 0 0
2 0 3 0
END
0 0 0 0
0 0 5 0
6 0 0 1
0 0 0 0
END
0 0 0 0
9 0 0 0
0 0 0 0
2 0 0 1
END
2 0 0 0
0 0 0 0
0 1 0 0
0 0 9 0
END
0 0 0 0
0 0 0 2
0 3 0 0
0 4 5 0
END
0 1 0 5
0 0 0 0
0 0 0 0
0 0 0 3
END
0 0 2 0
0 0 0 1
0 0 0 0
0 1 0 0
END
0 0 3 0
0 0 0 1
0 0 1 0
0 0 0 0
END
0 0 0 0
0 0 2 0
0 0 0 1
0 2 0 0
END
0 0 0 0
0 0 0 0
0 0 0 5
2 3 0 0
END
0 0 0 3
0 0 2 0
0 3 0 0
0 0 0 2
END
0 0 0 0
0 3 10 0
0 0 4 0
0 0 3 0
END
0 0 3 0
0 2 0 0
0 0 0 3
0 0 0 0
END
0 0 0 0
0 0 4 3
2 0 0 0
0 0 9 0
END
5 0 0 0
0 0 2 0
0 0 0 0
0 1 0 0
END
1 0 5 0
0 0 0 0
0 0 0 0
0 0 0 2
END
0 0 0 3
0 0 0 0
1 0 0 4
0 0 0 0
END
0 0 0 0
0 0 0 3
1 0 0 0
0 3 0 0
END
0 2 0 2
0 0 0 0
0 0 0 0
0 0 8 5
END
0 0 1 0
0 0 0 0
0 2 0 1
0 0 0 3
END
7 0 0 0
0 0 0 0
0 0 0 0
6 0 1 0
END
0 0 1 0
1 0 0 0
0 0 0 0
2 0 0 0
END
0 0 0 0
0 0 0 3
0 0 0 0
1 0 5 0
END
9 0 0 0
0 0 0 0
0 0 0 0
0 3 2 0
END
0 0 0 0
0 2 0 0
5 1 0 0
0 0 0 0
END
0 0 0 0
0 2 6 0
0 11 0 0
0 0 0 0
END
0 0 0 0
0 4 0 2
0 0 0 0
5 0 0 2
END
0 0 0 0
7 0 0 0
0 3 2 0
0 2 0 0
END
0 0 2 0
0 0 0 0
0 0 0 3
0 0 1 7
END
0 0 1 2
0 0 0 0
0 0 0 0
0 0 0 3
END
0 0 0 0
0 0 3 0
0 0 0 1
0 0 0 10
END
0 0 0 11
0 4 0 0
0 0 3 0
0 0 0 0
END
2 0 2 0
0 0 0 0
3 3 0 0
0 0 0 0
END
8 0 0 3
0 0 0 0
0 5 0 0
0 0 0 0
END
0 0 0 8
0 0 9 0
2 0 0 0
0 0 0 0
END
0 0 0 0
0 0 6 0
0 0 0 0
8 3 0 0
END
0 2 3 0
10 0 0 0
0 0 0 0
0 0 0 0
END
8 0 0 0
4 0 0 0
0 0 0 0
7 0 0 0
END
0 0 0 1
0 0 0 4
0 4 0 0
0 0 0 0
END
0 0 0 0
0 0 0 4
0 0 1 5
0 1 0 0
END
0 0 0 0
0 0 4 2
0 0 0 0
0 0 0 9
END
0 0 0 0
0 1 0 0
2 8 0 0
0 0 0 0
END
8 0 0 0
0 0 0 0
0 1 0 3
0 0 0 0
END
0 3 0 0
0 0 0 0
0 2 10 0
1 0 0 0
END
0 0 0 0
0 0 0 0
0 4 0 0
11 0 0 3
END
6 0 0 8
0 0 9 0
0 0 0 5
0 0 0 0
END
0 8 0 0
0 0 0 0
0 5 0 0
1 0 0 0
END
0 3 0 0
0 0 0 0
2 0 0 0
0 0 0 2
END
0 0 0 0
2 0 0 9
0 0 0 0
0 0 3 0
END
0 3 7 0
0 0 0 0
7 0 0 0
0 0 0 0
END
0 1 0 0
0 0 6 0
0 0 0 0
4 0 0 0
END
0 0 0 0
3 0 0 0
0 0 2 0
5 0 0 0
END
0 0 0 0
3 0 0 1
3 0 0 0
0 0 0 0
END
0 0 0 0
0 0 0 0
0 0 0 7
2 1 0 0
END
0 0 0 0
3 0 0 0
0 0 0 0
0 1 0 3
END
0 0 0 0
4 4 0 0
0 0 0 0
3 0 0 0
END
0 0 0 0
0 0 0 0
3 3 0 0
0 9 0 0
END
0 0 0 1
0 0 0 0
0 2 0 0
0 3 0 0
END
0 0 0 0
0 0 7 0
0 0 2 0
0 0 0 1
END
0 0 0 0
0 0 9 0
0 6 0 0
0 1 0 0
END
0 0 0 0
0 0 4 0
1 0 0 0
3 0 0 0
END
0 2 0 0
0 0 0 0
0 0 0 0
0 6 0 2
END
3 0 0 0
0 0 5 0
0 0 0 0
1 0 0 0
END
0 0 0 0
0 5 0 0
0 3 0 0
0 0 4 0
END
0 0 0 0
4 0 0 0
1 0 0 9
0 0 0 0
END
5 0 4 0
0 0 0 0
0 3 0 0
0 0 0 0
END
0 0 0 0
0 2 6 0
0 0 0 5
0 0 0 8
END
0 0 0 0
0 5 0 0
0 8 0 0
0 0 3 0
END
0 0 0 0
0 0 3 0
0 0 0 1
0 0 6 3
END
0 0 0 0
0 0 0 0
9 0 0 1
5 0 0 5
END
0 0 0 0
0 0 7 0
0 0 0 0
0 0 5 2
END
1 1 0 0
8 0 0 0
0 0 0 0
0 5 0 0
END
0 1 0 0
0 0 0 8
0 0 0 0
7 0 0 0
END
0 0 0 0
0 0 0 0
0 0 4 0
5 0 0 3
END
0 0 0 10
0 0 2 0
1 0 0 0
0 0 0 0
END
0 0 5 0
3 0 0 0
0 0 0 0
0 1 1 0
END
0 3 0 0
0 0 0 9
10 0 0 0
0 0 3 0
END
0 0 2 0
0 0 0 6
0 0 0 0
0 0 1 0
END
7 8 0 0
0 0 0 0
0 1 0 0
0 0 0 0
END
0 0 8 0
0 0 0 0
0 2 0 0
0 7 0 0
END
0 0 0 0
0 0 0 4
0 4 0 0
0 0 3 0
END
0 0 5 3
0 0 2 0
0 0 0 0
0 0 0 0
END
0 0 3 0
0 0 0 0
0 0 0 0
0 2 0 3
END
5 0 0 0
0 2 0 0
0 0 0 0
0 0 0 4
END
0 0 0 0
0 1 0 0
0 0 0 3
3 0 0 0
END
0 0 3 0
0 3 0 0
0 1 0 0
0 1 0 0
END
0 0 0 0
4 0 0 1
2 0 0 0
0 0 0 0
END
0 7 0 8
4 0 0 0
0 0 0 0
0 3 0 0
END
0 0 8 0
0 0 3 2
0 0 0 0
0 0 0 0
END
0 0 2 0
0 2 0 0
0 0 0 5
0 0 0 0
END
0 0 2 0
1 0 0 0
0 0 0 0
0 3 0 0
END
0 0 3 0
0 3 0 0
0 0 0 2
0 0 0 0
END
0 0 0 0
0 5 0 6
0 0 0 2
0 0 0 0
END
3 0 0 0
0 0 0 1
0 0 0 0
0 0 0 1
END
0 2 0 0
0 0 0 0
2 0 0 0
3 0 0 0
END
1 4 0 0
0 0 0 2
3 0 0 0
0 0 0 0
END
0 0 9 0
0 0 0 0
0 0 0 0
0 0 3 1
END
0 10 0 0
0 0 0 0
0 0 0 0
0 2 0 3
END
0 7 0 0
0 3 0 0
0 0 0 3
0 3 0 0
END
11 0 0 0
0 0 0 0
0 0 0 0
0 2 0 1
END
0 0 0 0
0 0 2 0
0 0 9 7
0 0 0 0
END
0 0 0 0
0 0 2 7
4 0 0 0
0 0 0 0
END
0 0 0 0
1 2 0 5
0 0 0 1
0 0 0 0
END
0 0 0 0
0 0 0 0
11 0 3 0
0 0 0 1
END
0 5 0 0
0 7 0 1
4 0 0 0
0 0 0 0
END
0 0 0 0
1 0 0 0
1 0 0 0
0 0 8 0
END
0 0 0 0
0 0 0 0
0 0 3 0
0 0 1 10
END
0 0 0 0
0 0 0 9
0 0 0 2
0 5 0 0
END
4 0 3 0
0 0 0 0
0 0 0 0
0 0 4 0
END
0 0 0 9
1 0 0 0
0 0 0 0
0 0 2 0
END
0 0 0 0
9 0 4 0
1 0 0 0
0 0 0 0
END
0 0 0 0
9 0 2 0
0 8 0 0
0 0 0 0
END
0 0 1 4
0 0 0 0
5 0 0 0
0 0 0 0
END
0 0 0 0
1 0 0 0
0 0 0 8
0 0 3 0
END
0 0 2 0
0 0 0 4
3 0 0 0
0 0 0 0
END
0 0 3 1
0 1 0 0
0 0 0 0
0 0 0 0
END
0 0 0 0
0 0 0 2
0 0 0 0
3 0 2 0
END
0 9 0 0
0 0 0 0
0 3 0 2
0 0 0 1
END
0 0 0 0
9 0 0 0
0 0 0 9
0 0 0 2
END
0 0 0 0
1 0 0 0
10 3 0 0
0 0 0 0
END
0 0 2 1
0 0 0 0
0 0 0 0
0 0 2 0
END
0 7 0 0
0 7 0 0
0 5 0 0
0 0 0 0
END
5 0 3 0
0 0 0 0
0 0 0 0
0 0 0 5
END
0 0 0 0
0 7 0 1
0 0 0 0
11 0 0 0
END
0 0 3 0
0 7 0 0
3 0 0 0
0 0 0 0
END
0 10 0 0
0 0 1 0
0 5 0 0
0 0 0 0
END
0 0 0 0
0 0 4 0
0 0 0 3
0 9 0 7
END
0 5 2 0
0 0 0 0
3 0 0 0
0 0 0 0
END
0 0 0 0
0 0 0 1
0 0 2 0
0 0 0 2
END
0 2 0 0
0 0 0 0
0 0 0 0
3 0 3 0
END
0 0 0 0
0 3 0 3
0 0 0 9
0 0 0 0
END
0 7 0 5
0 0 0 0
0 0 1 0
0 0 0 0
END
0 0 3 0
0 0 0 5
0 0 0 0
0 3 0 0
END
7 0 0 0
0 0 0 0
1 0 0 0
0 7 2 0
END
0 0 3 0
0 2 0 11
0 0 0 0
0 0 0 0
END
0 0 3 0
0 4 6 0
0 0 0 0
0 0 0 0
END
0 0 0 0
0 7 5 0
0 0 4 0
0 0 0 3
END
0 0 2 0
0 0 0 0
0 0 0 4
4 0 0 0
END
0 3 2 2
0 0 0 0
1 0 0 0
0 0 0 0
END
0 0 0 7
0 0 10 0
0 0 0 0
9 0 0 0
END
0 4 0 0
1 5 0 0
0 0 0 0
0 0 0 0
END
5 0 3 0
5 0 0 0
0 0 0 0
0 0 0 1
END
0 0 0 0
4 0 0 3
0 0 2 0
0 0 0 0
END
0 0 0 2
0 3 0 0
0 2 0 0
0 0 0 0
END
0 0 0 0
0 2 0 3
0 1 0 0
0 0 0 2
END
0 0 0 0
0 0 0 0
0 0 0 3
0 6 0 3
END
2 0 0 0
0 0 0 0
10 8 0 0
0 0 0 0
END
0 0 0 0
5 0 0 0
0 1 0 0
1 0 0 0
END
0 0 0 0
0 0 0 0
0 0 1 0
0 9 0 9
END
0 0 0 0
0 0 4 0
7 0 0 0
0 0 2 0
END
0 0 0 3
0 0 1 0
0 0 0 0
0 0 1 0
END
0 6 0 0
0 4 0 0
2 0 0 0
5 0 0 0
END
0 0 2 0
0 0 0 0
0 0 0 0
0 0 3 10
END
0 0 0 1
0 0 0 0
2 0 0 0
8 0 0 0
END
2 0 5 0
3 0 0 0
0 0 0 0
0 0 0 0
END
3 0 0 0
0 4 0 0
0 0 0 1
0 0 0 0
END
0 0 4 0
0 6 0 0
0 3 0 0
0 0 0 0
END
0 8 2 0
0 0 2 0
0 0 6 0
0 0 0 0
END
0 3 2 0
0 0 0 0
0 0 0 4
0 0 0 0
END
0 0 7 4
0 0 0 0
0 0 4 0
0 0 0 0
END
0 0 0 0
0 0 0 0
3 9 0 0
2 0 0 0
END
0 0 0 0
4 0 1 0
0 0 0 0
10 5 0 0
END
0 0 0 0
0 0 0 2
0 0 0 0
4 10 0 0
END
0 1 0 0
10 0 0 0
0 1 0 0
0 0 0 1
END
0 0 1 0
0 0 0 0
0 0 10 0
0 2 0 0
END
0 0 0 8
2 0 0 0
0 0 0 0
0 0 1 0
END
0 0 0 0
0 0 0 0
0 5 2 0
0 0 0 2
END
2 3 0 0
0 0 0 0
0 0 4 0
0 0 0 0
END
0 0 0 0
0 10 0 0
0 0 10 5
0 0 0 0
END
0 0 0 0
0 0 1 0
5 0 0 0
1 0 0 0
END
0 0 0 0
0 0 0 0
3 0 0 6
2 1 0 0
END
5 0 0 0
0 0 0 6
0 0 0 0
0 0 7 0
END
0 0 0 0
8 2 0 0
0 0 0 0
2 0 0 0
END
0 0 0 0
0 0 1 0
0 4 0 0
0 0 5 0
END
0 0 0 1
0 0 0 5
0 0 0 1
0 0 0 0
END
6 0 0 0
0 0 6 0
0 0 0 0
0 11 0 2
END
0 0 0 5
0 0 0 0
0 0 0 8
0 0 0 2
END
0 0 8 0
0 0 0 0
0 6 0 0
0 7 0 0
END
0 0 0 1
0 0 0 0
0 0 0 2
1 0 0 0
END
0 0 3 0
0 0 0 2
0 0 0 0
0 1 0 0
END
2 0 0 0
0 3 0 0
0 0 2 0
0 0 0 0
END
0 0 0 0
1 0 0 0
0 0 0 2
0 1 0 0
END
0 0 0 0
0 0 0 0
10 0 0 0
1 0 5 0
END
0 0 0 0
0 0 5 2
0 5 0 0
0 0 0 0
END
0 5 0 0
0 3 0 0
0 0 0 0
0 3 10 0
END
0 10 0 0
0 0 0 8
3 0 0 0
0 0 0 0
END
0 0 0 0
0 0 6 1
0 0 0 4
0 0 0 0
END
0 0 0 0
0 0 0 0
2 0 0 0
0 1 0 4
END
0 0 0 2
0 0 0 0
4 0 0 0
0 0 8 0
END
0 5 3 0
0 0 0 9
0 0 0 0
0 0 0 6
END
0 0 0 0
0 0 3 0
2 0 0 0
0 0 3 3
END
0 9 0 0
0 10 8 0
0 0 0 0
0 0 0 0
END
2 0 0 3
0 0 4 0
0 0 0 0
0 0 0 0
END
0 0 0 0
0 4 0 11
0 0 0 0
3 0 0 0
END
0 0 0 0
0 0 5 0
0 2 0 0
0 0 9 0
END
0 0 0 5
7 2 0 0
0 0 0 0
0 0 0 0
END
0 0 0 0
0 9 0 0
0 0 0 0
0 4 0 10
END
0 10 0 0
0 0 2 0
0 0 0 8
0 0 0 0
END
0 0 11 0
0 0 5 0
0 5 0 0
0 0 0 0
END
0 3 1 0
0 0 1 0
0 0 0 0
0 0 0 10
END
3 0 0 0
0 0 0 1
0 0 0 0
4 0 0 0
END
0 8 0 0
0 0 1 1
0 0 0 0
0 0 7 0
END
0 0 0 7
8 0 0 0
0 0 0 3
0 0 0 3
END
0 0 0 0
4 0 0 0
0 1 0 5
0 0 0 0
END
0 2 10 0
0 0 3 0
0 0 0 0
0 0 0 0
END
0 0 0 4
0 0 0 0
2 0 0 0
0 0 2 0
END
0 0 0 0
0 0 0 3
0 1 0 0
0 0 9 0
END
0 0 3 0
0 0 0 0
1 0 3 0
0 0 0 0
END
0 0 0 0
0 1 0 0
0 0 0 1
0 0 10 0
END
0 1 0 0
0 0 0 0
0 0 0 1
0 1 0 0
END
8 0 0 0
1 0 0 0
0 0 0 0
0 0 5 0
END
0 0 2 0
0 11 0 0
0 0 0 0
1 0 0 0
END
0 0 0 0
0 2 0 0
6 3 0 0
0 0 0 0
END
0 0 0 0
0 0 2 0
0 0 0 1
6 0 0 0
END
0 2 5 0
0 0 2 0
0 2 0 0
0 0 0 0
END
0 0 0 0
1 0 0 0
0 0 1 0
0 8 0 0
END
2 0 0 0
0 0 9 3
0 0 0 0
0 0 0 0
END
0 0 0 0
0 5 0 0
2 0 0 0
0 2 0 0
END
1 0 0 0
5 0 0 0
0 0 0 9
0 0 0 0
END
0 5 2 0
0 0 0 0
0 6 0 0
0 0 0 0
END
0 4 0 0
0 6 0 0
11 0 0 0
0 0 0 0
END
0 0 0 0
0 10 0 0
0 0 0 0
0 2 0 2
END
0 3 0 0
0 0 0 1
0 2 0 0
0 0 0 2
END
0 0 1 0
7 0 0 3
0 0 0 0
0 0 0 0
END
0 0 0 0
0 0 5 1
0 0 2 0
0 0 0 0
END
4 5 0 0
0 0 0 0
0 0 0 1
0 0 0 0
END
0 0 0 0
0 0 0 0
9 8 2 0
0 0 0 0
END
1 3 0 0
0 0 0 0
0 0 0 1
0 0 0 0
END
0 0 0 0
4 0 0 1
0 0 0 0
0 0 5 0
END
0 7 0 0
0 0 0 0
0 0 1 0
6 0 0 0
END
0 0 0 0
0 0 2 0
0 0 0 1
0 10 0 0
END
4 0 0 0
3 5 0 0
0 0 0 0
0 0 0 0
END
0 0 5 4
0 0 0 8
0 0 0 0
0 0 0 0
END
0 0 0 0
0 1 0 0
2 0 0 0
1 0 1 0
END
0 6 0 0
0 0 0 0
0 0 0 3
0 2 0 0
END
0 0 0 5
0 0 0 0
0 2 0 0
0 0 0 3
END
0 0 2 0
0 0 0 0
3 0 0 3
0 0 0 0
END
0 0 9 0
0 0 5 0
0 0 0 0
2 0 0 0
END
0 0 0 3
0 0 10 0
0 0 0 0
0 0 0 10
END
0 0 0 2
1 0 0 0
0 3 0 0
0 0 0 3
END
0 1 0 5
0 0 5 0
0 0 0 0
0 0 9 0
END
10 0 0 0
0 0 0 0
3 0 0 0
0 3 0 0
END
0 0 0 0
0 2 0 0
0 2 0 0
0 0 0 4
END
1 0 0 0
0 0 1 0
0 0 0 0
0 9 0 0
END
0 0 0 0
0 7 0 0
0 1 0 6
0 0 11 0
END
0 0 1 5
0 0 0 0
0 3 0 0
0 0 0 0
END
0 6 0 0
0 0 0 0
0 10 0 0
0 0 10 0
END
0 0 0 4
6 0 0 0
0 5 0 0
0 0 0 0
END
0 0 2 0
2 0 0 0
0 0 0 0
0 0 0 3
END
0 0 0 3
0 0 0 10
0 0 0 0
0 3 0 0
END
0 0 0 0
0 0 1 0
0 0 0 0
0 1 3 0
END
0 0 0 0
0 3 1 0
3 0 0 0
0 0 0 0
END
9 0 0 0
4 0 0 3
0 0 0 0
0 0 0 0
END
0 0 0 0
7 0 0 5
0 0 0 0
0 0 2 0
END
0 0 0 0
0 0 1 2
0 0 0 0
0 0 2 0
END
0 0 5 3
0 0 0 0
0 3 0 5
0 0 0 0
END
0 0 0 3
0 0 6 2
0 0 10 0
0 0 0 0
END
0 0 0 0
0 0 2 0
0 9 0 0
1 0 0 0
END
0 0 0 0
0 0 0 3
0 0 0 5
2 0 2 0
END
3 0 0 0
0 0 7 0
0 0 0 0
0 5 0 0
END
0 0 0 0
0 0 0 0
0 4 0 4
0 0 3 0
END
0 0 0 0
0 3 0 1
0 0 0 0
0 0 2 0
END
0 0 4 0
0 0 0 0
0 0 0 0
2 2 0 0
END
0 5 0 6
0 0 0 0
0 0 0 0
2 0 0 0
END
0 1 0 0
0 0 0 1
0 0 0 2
0 0 0 2
END
3 0 0 0
2 0 0 0
0 0 0 0
1 0 0 0
END
0 0 3 0
0 0 0 0
0 0 0 3
0 0 3 1
END
0 0 0 0
0 0 0 0
0 3 0 0
0 0 2 8
END
0 0 0 0
0 11 0 0
4 0 0 0
0 0 1 0
END
0 1 0 0
0 0 0 2
0 0 9 0
0 0 0 0
END
8 9 0 0
0 0 0 0
0 0 0 1
0 0 0 0
END
0 0 0 0
0 5 0 0
0 1 0 0
1 0 0 0
END
2 0 0 0
0 0 0 0
1 0 0 0
0 0 1 0
END
7 0 0 0
0 0 0 0
0 0 3 10
0 0 0 0
END
10 0 0 0
7 0 0 0
0 0 0 0
0 2 0 0
END
0 0 1 0
0 0 0 0
10 0 0 0
2 0 0 0
END
0 0 0 0
0 6 0 0
8 3 0 0
0 0 0 0
END
2 0 0 0
0 0 0 0
0 8 0 0
0 3 0 0
END
0 0 0 0
0 4 0 1
7 2 0 0
0 0 0 0
END
0 0 0 0
0 0 0 0
3 10 2 0
0 0 0 4
END
3 0 0 0
3 0 0 0
0 0 0 0
0 0 10 0
END
10 0 0 0
6 0 0 8
0 0 0 0
0 0 0 0
END
1 0 0 10
0 0 0 0
8 0 0 0
0 0 0 0
END
0 0 0 0
0 0 0 0
3 1 0 0
7 0 0 0
END
0 1 0 0
5 0 0 0
0 0 0 0
0 0 5 10
END
0 0 0 0
0 0 0 0
0 4 0 7
0 0 0 3
END
0 5 8 0
0 1 0 4
0 0 0 0
0 0 0 0
END
0 0 0 2
0 0 0 0
1 0 0 0
0 2 0 0
END
0 4 0 0
0 0 5 0
0 0 0 0
0 0 0 8
END
0 0 0 0
0 0 0 0
0 3 5 0
0 0 2 0
END
3 0 0 0
0 0 0 0
0 0 0 0
3 0 0 2
END
1 0 0 0
0 0 0 0
0 6 0 7
0 0 0 5
END
0 1 0 3
2 0 0 0
0 0 0 4
0 0 0 0
END
0 0 0 0
0 6 0 3
0 0 0 0
0 4 0 1
END
0 0 8 10
0 0 0 0
0 0 0 3
0 0 0 0
END
0 0 0 5
0 0 0 0
0 8 0 0
0 0 0 3
END
0 0 8 0
0 0 0 0
0 0 0 0
0 0 1 2
END
0 0 0 0
0 0 10 0
0 0 0 0
0 7 0 3
END
0 0 3 0
0 0 1 0
0 5 0 0
0 10 0 0
END
0 0 0 0
0 0 1 10
0 0 0 0
0 0 0 1
END
7 0 0 0
0 4 0 0
0 0 0 0
0 0 2 0
END
0 0 0 0
3 0 0 0
0 2 7 0
0 0 0 0
END
0 0 0 0
0 1 2 1
2 0 0 0
0 0 0 0
END
0 5 0 0
0 0 0 0
0 0 2 0
0 0 10 0
END
0 0 0 0
0 4 3 0
0 0 0 0
0 5 0 0
END
0 0 0 0
0 0 0 3
5 0 0 0
2 0 0 0
END
3 0 0 0
0 0 5 0
0 0 1 0
0 0 0 0
END
0 3 0 0
0 0 0 0
0 0 0 0
0 5 2 0
END
0 0 0 0
0 0 0 5
5 0 0 10
0 0 0 0
END
0 0 0 3
0 10 0 0
0 0 0 3
0 0 0 0
END
0 0 0 6
0 4 0 0
0 0 0 0
0 1 0 0
END
0 0 0 0
0 2 0 0
0 0 0 0
0 0 2 2
END
0 0 0 0
2 0 0 0
7 10 0 0
0 0 0 5
END
0 9 0 0
0 0 3 0
0 0 0 2
0 0 0 0
END
0 0 0 0
0 0 0 0
5 0 0 5
0 6 0 0
END
0 0 2 0
0 0 7 0
0 0 0 0
0 1 0 0
END
0 0 0 0
9 0 2 0
0 0 0 2
0 0 7 0
END
0 0 0 0
0 0 0 0
0 0 0 3
0 2 0 7
END
0 0 2 1
0 0 0 0
0 0 4 0
0 0 0 0
END
0 0 0 0
0 0 0 9
0 2 0 0
1 0 0 0
END
0 0 0 0
6 0 0 0
9 0 0 1
0 0 0 0
END
0 0 0 2
9 0 0 0
4 0 0 0
0 0 0 0
END
0 4 0 0
0 0 0 0
4 0 0 1
0 0 0 0
END
0 1 0 0
0 0 0 0
8 0 1 0
0 0 5 0
END
0 0 0 0
0 6 0 6
0 0 0 0
0 0 0 3
END
0 0 0 5
3 0 0 0
0 0 10 0
0 0 0 0
END
0 1 0 0
2 0 0 0
0 0 0 0
0 6 0 0
END
5 0 0 2
0 0 0 0
7 0 0 0
0 0 0 0
END
0 4 0 0
0 0 0 0
0 0 0 0
0 0 2 3
END
0 2 0 0
0 0 0 0
0 0 3 0
0 0 0 4
END
0 0 0 0
0 0 0 0
0 0 7 11
0 0 3 0
END
0 0 0 8
0 6 0 0
3 0 0 0
0 0 0 0
END
0 0 0 3
0 0 0 7
7 0 0 0
0 0 0 0
END
0 0 3 0
0 0 1 0
0 0 0 0
0 0 1 0
END
0 0 0 0
2 0 4 0
4 0 0 0
0 0 3 0
END
0 0 2 0
0 0 1 0
0 0 0 1
0 0 0 0
END
0 0 5 0
0 2 0 0
0 0 0 6
2 0 0 0
END
0 0 2 0
0 7 0 0
0 0 0 0
3 0 0 0
END
1 10 1 0
0 7 0 0
0 0 0 0
0 0 0 0
END
0 7 0 0
0 0 0 0
0 6 0 3
0 0 0 0
END
0 0 0 10
0 0 0 0
0 2 0 0
0 2 0 0
END
0 8 2 3
0 0 0 0
0 0 0 0
0 0 0 0
END
0 0 0 0
0 8 2 0
0 4 0 0
0 0 0 0
END
0 0 0 0
0 0 0 1
0 0 0 2
0 0 11 0
END
0 0 0 0
2 7 0 0
0 0 0 0
0 2 0 0
END
3 1 0 0
0 0 0 10
0 0 0 0
0 0 0 0
END
0 0 0 0
0 0 1 0
0 0 0 0
0 2 0 1
END
0 0 4 0
0 0 0 0
1 0 4 0
0 0 0 0
END
0 0 9 0
0 0 0 0
0 2 0 0
0 1 0 0
END
0 0 0 0
0 0 0 0
0 0 4 0
3 6 0 0
END
2 2 0 0
0 0 0 0
0 0 0 0
0 0 2 0
END
4 0 0 0
0 0 6 8
0 0 0 0
0 0 0 0
END
2 0 0 0
0 4 0 3
0 3 0 0
0 0 0 0
END
0 0 0 6
0 1 0 0
4 0 0 0
0 0 0 0
END
0 0 0 1
0 0 0 5
0 0 0 0
0 1 0 0
END
0 0 0 0
0 0 3 0
0 4 0 6
0 0 0 0
END
0 0 3 0
0 0 0 0
0 0 2 0
0 0 0 11
END
2 0 1 0
5 0 0 0
0 0 0 0
0 0 0 3
END
3 0 0 0
0 1 0 0
0 0 5 0
0 0 0 0
END
0 0 0 3
0 0 1 0
0 0 0 0
0 5 0 0
END
4 0 0 0
0 0 0 0
1 0 3 0
0 0 0 0
END
0 0 0 0
6 0 1 0
0 0 0 0
2 1 0 0
END
0 2 0 0
0 3 0 0
0 0 0 0
1 0 0 5
END
0 0 0 0
0 0 2 0
2 2 0 0
0 0 0 0
END
0 0 0 3
0 0 0 7
0 0 0 0
5 0 0 7
END
0 0 0 0
0 4 0 0
2 1 0 0
0 0 0 0
END
0 0 0 0
0 0 0 2
0 4 0 0
0 1 7 0
END
3 0 0 0
4 0 0 0
0 0 0 0
0 0 0 4
END
0 0 0 0
1 0 0 0
0 0 0 3
0 0 6 0
END
0 0 0 0
4 0 7 0
2 0 7 0
0 0 0 0
END
0 0 0 3
0 0 0 0
1 1 0 0
0 0 0 0
END
0 0 0 0
9 8 0 0
0 0 0 1
0 0 0 0
END
2 0 0 0
0 0 0 2
0 0 3 0
0 0 0 0
END
0 0 4 0
0 0 0 0
0 0 10 1
0 0 0 0
END
0 5 0 0
0 0 3 6
0 0 0 0
0 0 0 0
END
1 0 0 0
0 0 0 0
0 0 0 0
0 0 4 7
END
0 0 0 0
0 0 0 3
0 0 0 0
3 0 8 0
END
0 0 3 0
0 0 0 0
0 2 0 0
0 0 3 1
END
0 0 0 0
1 3 0 1
0 0 0 3
0 0 0 0
END
0 1 0 11
0 0 0 0
0 3 0 0
0 0 0 0
END
0 0 2 0
0 2 0 0
0 0 0 0
0 1 0 0
END
0 2 0 5
0 0 0 0
0 0 0 0
0 0 0 4
END
0 0 0 0
0 0 1 0
0 0 0 0
5 0 4 0
END
0 9 0 0
1 0 0 0
0 0 0 0
0 0 0 2
END
0 2 0 0
0 0 0 0
0 0 0 3
0 10 1 0
END
0 0 0 0
0 0 0 0
2 0 0 0
0 4 1 0
END
0 0 0 0
2 0 0 0
6 0 0 0
6 0 0 0
END
0 0 0 1
0 0 0 1
0 0 0 1
0 0 0 0
END
0 0 0 0
5 0 0 2
0 0 3 0
0 0 0 0
END
0 0 0 11
0 0 0 0
0 0 0 0
3 0 3 0
END
0 0 0 9
0 0 0 0
0 0 0 0
0 1 3 6
END
0 0 0 0
8 0 0 2
0 0 0 0
2 0 0 0
END
0 0 2 0
0 0 0 0
0 3 0 5
0 0 0 0
END
0 8 0 5
0 0 0 0
2 0 0 0
0 0 0 0
END
0 0 0 0
0 0 2 0
0 0 0 0
0 0 1 7
END
0 0 0 0
0 0 0 0
5 4 0 1
0 0 0 0
END
0 0 0 2
0 9 0 0
0 0 0 0
0 0 4 1
END
0 7 0 0
0 0 0 0
0 0 0 2
0 0 0 5
END
0 0 0 0
6 0 0 0
0 0 0 2
1 0 0 0
END
0 0 0 0
0 9 0 0
0 0 1 0
0 0 3 0
END
0 11 0 0
1 0 0 0
0 0 0 0
0 0 0 4
END
0 0 0 0
0 0 2 0
0 0 0 5
0 0 3 3
END
0 0 0 5
0 3 4 0
0 0 3 0
0 0 0 0
END
0 0 0 0
0 0 0 0
5 7 0 9
0 0 0 1
END
0 1 9 0
0 0 0 0
4 0 0 0
0 0 0 0
END
0 0 5 0
0 0 0 0
1 0 5 0
1 0 0 0
END
0 0 0 0
4 1 0 0
0 0 0 1
0 0 0 0
END
0 0 0 0
10 0 4 0
0 0 0 1
0 0 0 0
END
0 0 0 0
0 0 0 0
0 0 0 0
1 8 0 4
END
0 0 0 0
0 0 9 0
0 0 0 0
7 0 0 3
END
0 0 0 0
0 0 3 0
0 0 2 0
0 0 0 9
END
0 0 2 0
0 0 0 0
1 0 0 0
0 1 0 0
END
0 5 1 1
0 0 0 0
0 7 0 0
0 0 0 0
END
6 0 0 6
0 0 0 10
0 0 0 0
0 0 0 0
END
0 0 0 0
4 1 0 0
0 2 0 0
0 0 0 0
END
0 0 0 0
0 0 0 0
0 3 0 0
3 0 11 0
END
0 0 0 0
0 0 2 0
0 0 2 0
0 3 0 0
END
0 0 6 0
0 4 0 0
0 0 0 3
0 0 0 0
END
0 0 0 0
0 0 0 0
0 4 0 0
3 1 0 0
END
0 0 0 2
0 1 0 0
0 0 0 0
3 0 0 0
END
2 9 0 0
0 0 0 0
0 0 0 0
0 0 0 10
END
1 0 3 0
0 0 0 0
0 2 0 0
0 0 0 0
END
0 10 0 0
1 0 0 1
0 0 0 0
0 0 0 1
END
0 0 0 0
0 5 4 0
0 0 0 0
2 0 0 0
END
0 0 0 2
1 0 0 0
0 1 0 3
0 0 0 0
END
0 0 0 0
0 0 0 7
0 0 0 0
0 0 5 10
END
0 2 0 0
5 0 0 0
0 0 0 0
0 1 0 0
END
3 0 0 7
0 3 0 0
0 0 0 0
0 0 0 0
END
0 0 0 0
0 0 1 0
0 0 3 0
0 0 0 4
END
0 0 0 0
0 0 0 0
10 0 0 0
5 0 5 0
END
0 0 2 0
0 0 0 3
0 0 0 2
0 0 0 0
END
0 0 0 0
0 0 0 0
3 0 0 2
0 0 0 5
END
0 0 0 0
0 0 4 0
2 0 0 0
0 5 0 2
END
0 0 0 0
0 0 0 0
0 4 0 0
6 2 0 0
END
0 5 0 5
2 0 0 0
0 2 0 0
0 0 0 0
END
0 0 0 0
0 0 0 0
0 0 0 8
0 4 5 0
END
0 0 9 0
0 0 0 0
0 0 9 0
0 0 3 0
END
0 0 0 0
8 0 6 0
0 0 0 0
0 0 0 2
END
0 6 0 0
1 0 0 0
0 0 4 0
0 0 0 0
END
0 0 3 0
0 0 0 1
0 5 0 0
0 0 0 0
END
0 4 0 0
0 0 0 0
0 0 0 1
3 0 0 0
END
0 0 0 0
0 0 0 0
0 2 0 0
5 0 0 2
END
0 0 0 0
0 0 1 0
11 0 3 0
0 0 0 0
END
0 0 0 0
3 0 8 0
0 0 0 0
0 0 3 0
END
0 0 0 0
0 1 0 0
0 10 0 0
0 0 0 7
END
0 0 5 0
0 0 0 0
3 0 0 0
0 0 2 0
END
2 0 3 0
0 0 2 0
0 0 0 0
0 7 0 0
END
0 0 0 0
0 0 0 3
0 0 0 3
4 0 0 0
END
0 1 0 0
2 3 0 0
0 0 0 0
0 0 0 0
END
0 0 10 0
4 0 3 0
0 0 0 0
0 0 0 0
END
0 0 6 0
0 0 11 2
0 0 0 0
0 0 0 0
END
0 0 0 3
0 0 0 0
0 0 1 0
0 3 0 0
END
0 11 0 1
6 0 0 0
0 0 0 0
0 1 0 0
END
0 0 0 0
0 0 0 0
0 0 0 3
0 0 4 3
END
0 0 0 0
0 0 0 0
8 3 7 0
0 0 0 0
END
0 0 0 0
10 0 2 0
3 0 0 0
0 0 0 0
END
0 0 0 8
0 0 0 0
0 0 0 9
0 0 0 1
END
0 0 0 0
0 0 0 0
0 4 0 0
4 0 4 2
END
0 0 0 0
0 2 0 1
4 0 0 0
0 8 0 0
END
0 0 0 0
0 1 0 0
2 0 0 1
0 0 0 0
END
0 0 0 0
4 0 0 0
0 0 0 4
3 0 0 0
END
0 0 0 0
0 0 5 9
0 0 0 0
0 3 0 0
END
0 2 0 0
0 0 0 0
0 0 1 3
0 0 0 0
END
0 0 0 0
0 0 0 9
0 0 0 0
0 3 1 1
END
0 3 4 0
0 0 0 0
0 0 0 0
0 0 0 4
END
0 5 0 0
0 0 0 1
10 0 0 0
0 0 0 0
END
0 0 0 0
3 0 0 0
0 0 9 0
0 5 0 0
END
5 0 0 0
0 0 0 0
0 0 1 0
0 2 0 0
END
0 2 0 0
0 0 0 0
0 0 0 0
2 0 0 3
END
0 0 3 0
0 4 0 0
5 0 0 0
0 0 2 0
END
0 0 2 0
0 0 0 0
0 0 0 8
2 0 0 0
END
0 0 0 0
0 0 4 0
8 0 0 0
0 4 0 0
END
4 0 0 0
0 0 0 1
0 0 0 0
0 0 3 0
END
0 0 0 0
0 0 0 0
2 0 5 0
2 0 0 0
END
9 0 0 3
0 0 0 0
0 0 0 0
0 0 0 5
END
5 0 0 0
0 0 0 0
0 0 0 1
0 0 9 0
END
2 0 0 0
0 5 0 0
7 0 0 0
0 0 0 0
END
5 0 0 0
0 0 0 2
0 0 0 0
0 0 0 1
END
0 0 0 0
0 3 0 0
0 0 0 0
0 1 0 2
END
0 0 0 6
0 4 0 0
0 0 0 9
0 0 0 0
END
0 0 0 0
0 0 3 0
0 3 0 0
0 0 3 0
END
7 0 0 0
5 3 3 0
0 0 0 0
0 0 0 0
END
0 0 0 0
0 0 0 0
1 0 7 0
0 0 0 3
END
0 0 3 0
0 3 0 0
0 0 0 0
0 3 0 0
END
0 0 0 6
2 0 0 0
7 0 0 0
0 0 0 0
END
0 0 0 0
0 1 1 0
0 2 0 0
0 0 0 3
END
0 0 0 4
0 0 0 0
0 0 0 0
0 0 1 3
END
0 0 0 0
0 2 0 0
0 0 0 0
3 0 0 1
END
0 0 0 0
3 0 0 0
0 0 0 0
9 0 2 0
END
0 0 0 0
0 0 0 8
0 0 0 0
8 0 10 0
END
0 0 0 2
0 0 0 4
0 4 0 0
0 0 0 0
END
0 2 0 3
0 0 0 0
3 0 0 0
0 0 0 0
END
0 0 0 3
0 0 0 0
0 3 0 0
6 0 0 2
END
0 0 0 10
0 0 3 0
0 0 7 0
0 0 3 0
END
3 2 0 0
0 0 0 0
0 0 0 0
0 1 0 0
END
0 0 0 0
0 0 4 0
10 0 0 0
0 0 5 0
END
3 0 0 0
0 0 0 0
0 2 0 1
0 0 0 0
END
0 0 3 0
0 0 0 5
0 0 0 3
0 0 0 0
END
0 0 0 0
3 1 0 9
0 0 0 0
0 0 0 0
END
0 0 9 0
0 0 0 3
0 3 0 3
0 0 0 0
END
0 0 3 0
0 2 0 0
0 0 0 0
0 0 3 0
END
0 0 10 0
0 5 0 0
0 0 0 0
0 1 0 0
END
0 3 0 9
0 0 0 0
0 0 0 0
7 0 1 0
END
0 1 0 0
0 0 0 0
0 0 0 0
3 0 0 3
END
0 10 0 2
0 10 0 0
0 0 0 0
0 0 0 0
END
4 0 0 0
0 0 0 0
0 0 0 4
0 5 3 0
END
0 0 0 1
10 0 0 0
2 0 0 0
0 0 0 0
END
4 3 0 0
0 0 0 0
0 0 1 0
0 0 0 0
END
5 1 0 0
0 0 0 0
0 0 0 0
3 0 0 0
END
0 0 0 0
0 0 0 3
6 1 0 0
0 0 0 0
END
0 0 0 0
0 0 1 0
0 0 0 6
0 11 0 0
END
7 0 0 0
0 0 3 0
0 0 0 0
0 0 0 4
END
0 3 0 6
0 0 0 0
0 0 3 0
0 0 0 0
END
0 0 4 0
0 0 0 1
10 0 0 0
0 0 0 0
END
0 0 0 0
0 0 0 0
0 0 3 0
0 0 2 6
END
3 0 3 0
8 0 0 0
0 0 0 0
0 0 0 0
END
0 0 0 0
0 0 0 1
2 0 0 0
0 5 0 0
END
3 0 0 0
0 0 0 0
0 0 0 2
0 9 0 0
END
0 0 0 7
0 0 0 4
0 0 0 0
6 5 0 0
END
0 0 3 0
5 0 0 0
0 0 0 0
0 0 3 0
END
5 0 0 0
0 0 0 2
0 2 0 0
0 0 0 0
END
0 0 0 0
0 0 0 0
0 1 0 0
6 0 0 1
END
0 0 0 0
0 4 0 7
0 0 0 0
0 0 1 0
END
0 0 0 0
0 0 1 8
0 0 0 0
0 5 0 0
END
0 0 0 5
0 0 0 0
0 0 0 0
0 2 3 0
END
0 0 0 0
0 0 0 0
0 5 0 0
8 0 0 1
END
3 0 0 5
3 0 0 0
0 0 0 0
0 0 0 0
END
0 0 0 0
0 6 0 0
0 0 1 0
0 0 9 0
END
4 0 5 0
0 0 0 0
0 0 0 0
0 0 10 0
END
0 0 0 6
0 0 0 3
0 0 0 0
0 0 0 4
END
0 0 0 0
0 0 0 0
1 2 0 0
3 0 0 0
END
0 0 0 2
0 0 0 0
6 0 0 0
0 5 0 0
END
3 0 0 0
0 0 0 0
0 3 0 3
0 0 0 0
END
0 0 0 0
1 0 0 1
1 0 0 7
0 0 0 0
END
0 3 0 8
0 0 2 0
0 0 0 0
0 0 0 0
END
0 2 0 0
0 0 0 0
5 0 0 0
0 6 0 0
END
0 0 0 0
0 0 0 0
0 0 0 0
6 0 10 11
END
0 2 4 0
0 0 0 0
0 0 0 9
0 0 5 0
END
0 0 0 5
5 0 0 0
0 0 0 0
0 0 2 0
END
0 1 0 0
1 0 0 1
11 0 0 0
0 0 0 0
END
0 0 0 0
0 0 0 2
0 4 0 0
7 0 0 0
END
0 0 0 0
4 0 11 0
0 0 4 0
0 0 0 0
END
0 0 3 0
9 0 2 0
0 0 0 7
0 0 0 0
END
0 0 0 0
0 0 0 9
6 0 0 0
1 0 0 0
END
0 0 5 0
3 0 0 0
1 0 0 0
0 0 0 0
END
0 4 0 0
0 3 0 0
0 0 0 0
0 1 0 4
END
0 0 0 0
0 1 0 2
0 2 0 0
0 0 0 0
END
0 0 0 0
0 0 7 0
1 0 0 0
0 0 0 1
END
0 0 9 0
0 0 0 0
2 0 0 0
0 0 5 0
END
0 0 0 0
0 0 0 0
0 0 2 0
3 0 7 0
END
0 0 0 9
0 0 3 0
0 0 0 0
0 0 1 0
END
8 0 0 0
5 0 0 0
0 0 0 0
0 0 4 0
END
0 0 6 0
0 0 0 3
0 0 0 0
0 0 0 10
END
0 2 11 0
0 0 0 7
0 0 0 0
0 0 0 0
END
0 0 0 0
3 0 3 0
5 0 0 0
0 0 0 0
END
0 0 2 8
0 0 0 0
0 1 0 0
0 0 0 0
END
0 0 2 2
0 0 0 0
0 0 9 10
0 0 0 0
END
0 0 2 3
0 0 0 0
3 0 0 0
0 0 0 0
END
0 0 0 0
0 1 0 1
5 0 0 0
0 0 0 7
END
0 0 0 0
0 4 11 0
1 0 0 0
0 0 0 0
END
6 0 0 3
0 0 0 0
0 3 0 3
0 0 0 0
END
0 8 1 0
1 0 0 0
0 0 0 0
0 0 0 0
END
1 0 0 0
0 1 0 4
0 0 0 0
0 0 0 0
END
0 0 0 4
0 0 0 0
0 0 0 0
5 1 0 0
END
2 0 0 0
0 0 7 0
0 0 3 0
0 0 0 0
END
4 0 0 3
0 0 0 0
0 0 0 0
3 0 0 0
END
0 0 0 0
0 0 10 0
0 5 0 0
0 2 0 0
END
0 0 0 0
0 9 0 0
0 0 8 0
0 9 0 0
END
0 0 0 0
0 0 0 0
0 9 0 0
5 4 0 0
END
0 0 0 0
5 0 0 0
6 1 0 0
0 0 0 0
END
0 7 10 0
0 0 0 0
0 0 0 7
0 0 0 0
END
0 2 0 0
3 0 0 4
0 0 0 0
0 11 0 0
END
3 0 0 0
0 4 0 0
0 0 0 0
4 3 0 0
END
0 3 0 5
0 0 0 0
0 8 4 0
0 0 0 0
END
0 0 1 0
0 0 2 0
0 0 2 0
0 0 0 0
END
0 5 0 0
0 0 0 3
0 0 0 0
0 5 0 0
END
0 0 0 0
9 0 0 0
0 0 0 0
2 2 0 0
END
0 3 0 0
4 0 0 0
0 2 0 0
0 0 0 0
END
0 0 8 0
0 0 0 0
0 0 0 7
0 0 3 0
END
1 0 0 0
0 0 0 0
0 3 0 5
0 0 0 0
END
0 0 0 0
0 0 4 0
3 0 0 0
0 5 0 0
END
0 0 0 2
0 4 0 0
0 0 0 0
2 0 0 0
END
0 0 0 11
0 0 0 0
0 6 0 0
0 8 0 0
END
0 0 0 1
4 0 0 0
0 0 0 5
0 0 0 0
END
0 0 0 0
0 0 0 3
0 0 6 0
0 0 6 0
END
0 0 0 5
0 0 0 0
1 0 0 9
0 0 0 0
END
0 0 0 0
0 0 0 4
0 6 0 0
0 0 2 0
END
0 0 1 0
8 0 0 0
0 0 0 0
0 0 7 0
END
0 0 0 0
8 0 4 0
0 0 0 0
0 0 2 0
END
0 0 0 0
10 10 0 5
0 0 0 0
0 0 0 2
END
0 1 1 0
0 0 0 0
0 0 1 0
0 0 0 0
END
7 0 3 0
0 0 0 3
0 0 0 0
0 6 0 0
END
2 0 0 8
0 0 0 0
0 0 0 0
0 0 0 1
END
0 0 0 0
0 0 1 5
0 0 0 0
0 0 2 0
END
1 0 0 0
0 0 0 0
3 0 0 0
6 0 0 0
END
0 0 0 0
0 0 0 0
0 0 0 0
4 3 7 0
END
0 9 0 0
0 4 0 0
0 0 0 0
2 0 0 3
END
2 0 0 0
0 0 0 0
0 9 0 2
0 0 0 0
END
0 0 0 0
1 0 0 9
0 0 0 0
0 0 0 3
END
0 0 0 9
0 0 0 4
0 0 0 0
0 2 0 0
END
0 0 0 0
0 5 0 0
0 3 0 0
0 0 7 0
END
0 2 0 0
2 0 7 0
0 0 0 0
2 0 0 0
END
0 0 0 4
2 0 0 0
0 0 9 0
0 0 0 0
END
0 1 0 0
0 0 0 0
0 0 5 0
0 7 0 0
END
0 0 0 0
0 0 0 0
0 0 2 2
5 0 0 0
END
0 3 0 10
0 2 0 0
0 0 0 0
0 0 0 0
END
0 0 0 0
0 4 0 0
0 0 7 0
0 0 2 2
END
0 0 0 0
1 1 0 0
3 0 0 1
0 0 0 0
END
0 0 0 0
4 0 0 3
9 0 0 0
0 0 0 0
END
0 0 0 0
3 0 0 0
0 0 0 0
0 10 0 1
END
0 0 0 0
0 1 0 0
0 0 3 0
1 0 0 0
END
0 0 0 0
1 0 0 2
0 0 0 0
0 0 2 0
END
0 0 3 1
0 0 0 0
0 0 8 0
0 0 0 0
END
0 6 0 0
0 0 0 0
0 0 0 0
0 0 2 2
END
0 0 0 0
3 0 0 0
0 0 0 6
0 0 0 3
END
1 0 2 0
0 0 0 0
0 0 0 3
0 0 0 0
END
8 0 3 0
0 5 0 0
0 0 0 0
3 0 0 0
END
3 0 0 0
4 0 0 0
0 0 0 0
0 0 0 1
END
0 0 0 0
0 1 0 0
0 0 0 1
0 2 0 0
END
3 0 0 0
0 2 0 5
0 0 0 0
0 2 0 0
END
2 0 0 1
0 0 0 0
0 2 0 0
1 0 0 0
END
0 5 0 0
0 0 0 0
0 0 0 0
2 0 1 0
END
0 0 0 0
1 0 0 0
0 0 0 0
5 0 4 0
END
3 0 0 0
0 0 0 0
0 0 0 0
0 0 2 3
END
0 5 1 0
0 0 0 0
0 0 0 0
0 4 0 0
END
0 0 0 0
7 0 0 0
4 0 0 0
3 0 0 0
END
1 0 0 0
0 1 0 0
0 0 2 0
0 0 0 0
END
3 0 9 1
0 0 4 0
0 0 0 0
0 0 0 0
END
0 0 0 0
6 2 0 9
0 0 0 0
0 0 0 0
END
4 3 0 0
0 4 0 0
0 0 0 0
0 0 0 0
END
0 0 2 10
0 0 0 0
0 0 1 0
5 0 0 0
END
0 0 0 5
0 0 0 0
0 1 0 0
0 3 0 0
END
0 0 0 0
0 0 0 0
1 0 0 3
0 0 0 8
END
0 0 0 0
2 5 0 0
1 0 0 0
7 0 0 0
END
3 2 0 0
0 0 0 0
0 0 0 0
4 0 0 0
END
0 3 0 0
0 0 0 0
4 0 0 0
0 0 3 0
END
0 0 0 0
0 0 0 5
0 0 2 5
0 0 1 0
END
0 0 0 0
0 0 0 0
5 2 0 2
0 0 0 0
END
0 4 0 0
3 0 0 0
11 0 0 0
0 0 0 0
END
0 0 0 0
10 0 0 0
3 0 0 0
10 0 0 0
END
2 0 0 0
0 2 0 2
0 2 0 0
0 0 0 0
END
0 0 0 0
0 0 0 3
0 0 6 0
0 0 1 0
END
2 0 0 10
0 0 0 0
0 0 0 0
0 0 0 9
END
0 0 0 1
1 0 0 0
1 0 0 0
0 0 0 0
END
0 0 0 0
1 4 0 0
0 0 0 0
0 0 2 0
END
0 0 0 0
8 0 0 9
0 0 0 0
0 9 0 0
END
0 0 0 0
0 0 0 0
0 0 6 8
0 0 2 0
END
0 0 0 0
0 0 0 0
0 0 3 0
0 0 3 5
END
0 0 0 4
5 0 0 0
0 0 3 0
0 0 0 0
END
0 1 0 0
0 0 1 0
0 0 0 1
0 0 0 0
END
0 0 0 0
0 0 6 0
0 4 0 0
1 0 0 0
END
7 0 0 0
0 0 0 2
6 0 0 0
0 0 2 0
END
0 0 4 1
0 0 0 0
1 0 0 0
0 0 0 0
END
7 0 0 0
0 0 0 2
0 0 0 0
9 0 0 0
END
7 0 10 0
0 0 0 0
0 0 2 0
0 0 0 0
END
3 2 0 0
3 0 0 0
0 0 0 0
0 0 0 0
END
0 0 0 0
0 0 0 0
0 0 2 5
10 0 0 0
END
0 0 6 0
0 0 0 0
0 0 0 0
1 0 0 10
END
2 0 0 7
0 0 0 0
4 0 0 0
0 0 0 0
END
0 0 0 0
0 2 0 0
0 0 0 1
0 0 0 2
END
0 0 0 1
2 0 0 0
0 0 4 0
5 0 0 0
END
0 0 0 8
0 0 0 8
0 0 0 0
10 0 0 0
END
0 0 1 0
0 0 0 0
3 0 0 6
0 0 0 0
END
0 1 0 3
0 3 0 0
0 0 0 0
0 0 0 0
END
0 3 3 8
0 0 0 0
0 0 0 0
0 0 0 0
END
0 1 0 9
0 10 0 0
0 0 0 0
0 0 0 0
END
0 2 1 9
0 0 0 0
0 0 1 0
0 0 0 0
END
2 0 0 9
0 0 0 0
0 0 0 1
0 0 0 0
END
0 0 0 1
0 0 0 0
0 0 0 0
0 7 8 1
END
0 0 0 7
2 0 0 0
0 0 0 0
0 2 0 0
END
5 0 7 0
3 0 0 0
0 0 0 0
0 0 0 0
END
0 7 0 1
0 0 0 0
0 0 0 0
1 0 0 0
END
0 2 0 0
0 0 0 0
0 0 0 7
9 0 0 0
END
0 0 0 2
0 6 0 0
0 0 9 0
0 0 0 0
END
0 0 0 0
5 0 0 4
3 1 0 0
0 0 0 0
END
0 0 0 2
0 9 0 0
0 0 0 0
0 0 4 0
END
0 3 0 0
0 0 0 0
0 0 0 4
0 0 9 0
END
4 0 0 0
0 0 0 0
0 1 0 0
0 5 0 0
END
0 0 0 0
0 5 0 0
0 0 8 2
0 0 0 0
END
0 0 7 0
0 0 0 0
0 0 11 0
0 1 0 0
END
0 0 0 0
3 0 0 0
2 0 0 0
1 0 0 0
END
6 0 0 0
0 0 0 0
0 0 8 0
0 0 0 3
END
2 0 0 0
0 0 0 0
0 0 0 6
5 0 0 3
END
0 0 0 0
0 0 0 0
0 0 0 1
1 0 1 0
END
0 0 0 6
0 0 0 0
0 0 0 10
0 1 0 0
END
0 11 0 0
0 3 0 0
0 0 0 2
0 0 0 0
END
4 0 0 0
0 0 0 1
0 0 0 0
0 2 0 0
END
0 0 0 0
0 5 0 0
0 0 4 9
0 0 0 0
END
0 0 0 0
0 0 0 0
1 4 0 0
4 0 0 0
END
0 0 0 2
0 0 7 0
0 0 0 0
9 0 0 0
END
0 0 0 0
0 0 0 0
0 0 1 0
3 0 2 0
END
0 0 0 0
0 0 2 0
0 0 0 0
1 0 1 0
END
5 2 0 0
2 0 0 0
0 0 0 0
0 0 0 0
END
0 0 0 0
1 0 0 0
0 0 1 0
0 0 0 2
END
3 0 0 2
9 0 0 0
0 0 0 0
0 0 0 0
END
0 0 0 0
10 0 0 0
0 0 0 0
0 0 1 4
END
0 0 0 0
0 0 0 0
0 0 0 1
10 0 0 3
END
2 3 0 0
0 0 0 0
0 0 0 0
0 0 11 0
END
0 2 0 0
0 0 0 0
0 11 0 0
0 0 2 0
END
3 0 0 0
0 5 0 0
8 0 0 0
0 0 0 0
END
1 0 0 0
5 4 0 0
0 0 0 0
0 0 0 0
END
0 0 0 4
0 3 0 0
0 0 0 7
0 0 0 0
END
0 0 0 8
0 0 0 0
0 5 0 0
0 0 7 0
END
0 4 0 0
2 0 0 2
0 0 0 0
0 0 0 0
END
0 0 0 0
0 0 0 0
2 0 0 0
4 0 9 0
END
0 0 0 0
0 0 0 0
1 0 0 2
0 0 1 0
END
0 0 0 2
0 8 0 4
4 0 0 0
0 0 0 0
END
0 0 0 0
0 3 0 0
0 0 0 0
10 3 0 0
END
0 0 9 0
0 0 0 0
0 3 1 0
0 0 0 0
END
8 3 0 1
3 0 0 0
0 0 0 0
0 0 0 0
END
0 9 2 0
0 0 0 0
1 0 0 1
0 0 0 0
END
0 0 5 0
0 0 0 8
9 0 5 0
0 0 0 0
END
0 7 0 0
0 0 0 0
0 0 0 0
1 4 0 0
END
3 0 0 2
0 0 0 0
0 0 11 0
0 0 0 0
END
0 4 0 0
0 0 0 0
0 4 0 0
0 0 0 1
END
0 0 0 2
0 0 0 0
0 0 0 1
0 9 0 2
END
0 0 4 0
10 0 0 0
0 0 0 0
0 0 3 0
END
0 0 6 0
0 0 3 0
2 0 0 0
0 0 0 0
END
0 10 0 0
0 0 0 2
4 0 0 0
5 0 0 0
END
0 0 0 0
0 6 0 0
0 8 0 0
2 0 0 0
END
0 0 0 5
0 0 0 0
0 0 3 0
0 1 0 0
END
0 0 0 0
3 0 9 0
0 0 0 0
3 0 0 0
END
0 0 9 0
0 0 0 0
0 0 0 0
4 4 2 0
END
0 1 0 0
0 1 0 0
0 0 0 0
2 0 0 0
END
0 0 0 0
5 0 0 0
1 0 2 0
0 0 0 0
END
0 0 5 0
0 0 0 0
2 0 0 0
0 10 0 0
END
0 0 0 9
0 0 0 0
0 0 0 0
0 0 5 5
END
0 0 0 0
1 0 0 0
0 0 0 10
0 0 0 1
END
0 0 0 0
0 1 0 0
0 4 0 2
0 0 0 0
END
6 0 0 5
0 0 0 0
0 0 0 0
0 0 8 0
END
0 0 0 0
0 0 3 4
0 0 0 6
0 0 0 0
END
0 3 0 2
0 0 0 0
0 0 0 2
0 0 0 0
END
8 0 0 0
0 0 0 1
0 0 0 1
0 0 0 0
END
0 0 0 1
3 0 0 0
0 0 0 0
6 0 0 0
END
0 0 0 0
0 0 2 0
1 0 0 0
0 0 0 4
END
5 0 3 0
0 0 0 0
2 0 0 0
0 0 0 0
END
0 0 0 0
2 0 0 1
3 0 0 0
0 0 0 0
END
0 2 3 0
0 2 0 0
0 0 0 0
0 0 0 0
END
0 0 0 0
0 0 2 0
0 0 0 5
0 0 0 11
END
0 0 1 0
0 2 0 0
0 0 3 0
0 0 0 0
END
8 0 0 0
0 0 0 0
4 0 0 0
0 10 2 0
END
0 0 0 0
0 0 0 0
3 0 0 0
0 7 0 5
END
0 0 0 0
8 0 2 0
1 0 0 0
0 0 0 0
END
0 0 0 0
0 0 0 0
0 0 0 0
7 8 0 4
END
0 0 6 0
0 0 8 0
0 0 0 0
0 4 0 9
END
2 0 5 0
0 0 0 0
0 0 0 0
0 3 0 0
END
0 0 0 3
5 0 0 0
8 0 0 0
0 2 0 0
END
0 0 0 0
0 3 0 0
0 1 0 0
3 1 0 0
END
1 0 0 0
3 3 0 0
0 0 0 2
0 0 0 0
END
0 0 0 0
0 2 0 3
0 0 0 0
0 5 3 0
END
0 0 0 0
2 0 0 0
0 0 0 0
0 1 1 4
END
0 0 2 1
0 0 9 0
0 0 0 5
0 0 0 0
END
0 0 0 0
0 0 0 0
0 0 10 0
0 0 1 3
END
0 0 2 0
0 0 0 0
0 0 0 0
3 7 0 0
END
0 8 0 0
0 0 0 0
0 4 0 0
0 0 10 0
END
0 0 3 0
0 0 0 10
0 0 0 8
0 0 0 0
END
0 0 0 0
0 1 3 5
0 0 0 0
0 0 0 0
END
0 0 0 0
0 0 0 0
0 3 0 2
1 6 0 0
END
3 0 0 0
0 10 0 0
0 0 0 2
0 0 0 0
END
0 0 4 0
0 0 0 0
0 2 0 3
0 0 0 0
END
0 0 0 0
8 0 0 0
11 0 0 1
0 0 0 0
END
0 3 0 0
0 0 0 10
0 0 0 0
0 0 2 0
END
5 0 0 0
0 0 0 0
8 0 0 0
0 0 0 8
END
0 0 0 7
0 0 0 0
6 1 0 0
0 0 0 0
END
1 0 0 0
0 0 3 0
6 0 0 0
0 0 0 0
END
0 3 3 0
0 0 0 1
0 0 0 0
0 0 0 0
END
0 2 7 0
0 0 0 0
0 0 0 2
0 0 0 0
END
0 0 0 3
0 1 0 0
0 3 5 0
0 0 0 0
END
0 0 0 0
0 0 0 0
5 0 0 0
6 0 1 0
END
0 0 0 0
0 0 0 5
10 0 0 0
5 0 0 0
END
3 0 0 0
0 1 0 0
0 0 0 0
0 5 0 0
END
0 0 0 1
0 0 0 8
0 0 0 0
2 3 0 0
END
0 0 0 0
0 0 0 0
0 1 0 3
0 5 0 0
END
0 0 0 0
0 0 0 3
3 0 0 0
0 0 0 2
END
0 1 0 0
0 0 0 0
0 3 0 1
10 0 0 0
END
0 0 0 0
0 3 0 1
0 0 3 0
0 0 0 0
END
0 10 0 0
0 0 0 0
0 0 1 1
0 0 0 0
END
0 2 0 0
0 7 0 0
0 0 0 0
0 1 0 0
END
0 2 0 0
0 0 0 0
2 0 0 0
2 1 0 0
END
0 4 0 0
0 0 0 0
0 6 0 8
0 0 0 0
END
0 1 0 0
0 10 1 0
0 0 0 0
0 0 0 0
END
0 0 1 0
0 0 0 0
0 0 0 0
0 1 0 4
END
6 9 0 0
0 0 0 0
0 0 0 0
0 1 0 5
END
0 5 0 0
0 0 0 2
0 0 0 0
0 0 8 0
END
0 0 0 0
0 1 0 0
0 0 0 0
9 0 0 5
END
0 0 1 0
0 0 0 0
0 0 2 0
0 0 0 3
END
5 0 0 0
3 0 0 0
0 2 0 0
0 0 0 0
END
0 1 0 0
0 0 0 3
0 0 0 1
0 0 0 0
END
0 0 4 0
0 10 0 0
0 0 0 0
0 0 0 10
END
0 0 0 0
3 0 0 0
0 0 0 0
7 4 0 0
END
0 0 0 0
0 0 0 3
0 0 0 3
0 0 0 5
END
0 3 3 0
7 0 0 0
0 0 0 0
0 0 0 0
END
0 0 0 0
0 2 3 2
0 0 0 0
0 0 0 0
END
0 2 0 0
11 0 0 0
0 0 0 4
0 0 0 0
END
0 0 0 0
1 5 0 0
0 0 0 0
0 0 0 3
END
0 0 0 0
0 0 0 0
0 3 0 1
1 0 0 0
END
0 2 0 0
0 2 10 0
0 0 0 0
0 0 0 0
END
1 0 0 10
0 0 0 0
0 0 0 0
0 4 0 0
END
0 0 1 0
0 0 0 2
1 0 0 0
0 0 0 0
END
0 0 0 0
0 0 9 0
2 0 0 0
0 0 0 4
END
0 0 0 0
1 0 0 0
0 0 3 0
0 0 2 0
END
0 4 0 0
1 0 0 1
0 0 0 0
9 0 0 0
END
0 0 0 1
6 0 0 2
0 0 0 0
0 0 0 0
END
0 0 8 0
2 0 0 0
6 0 0 0
0 0 0 0
END
0 0 1 0
0 0 0 0
4 8 0 0
0 0 0 0
END
0 0 0 0
0 0 1 0
0 2 0 0
5 0 0 0
END
0 0 7 0
1 0 0 0
0 0 1 0
0 0 0 3
END
0 0 4 0
8 0 0 0
0 0 0 1
0 0 0 0
END
0 0 0 1
0 0 0 0
0 0 3 0
0 0 0 7
END
0 0 0 3
0 6 0 0
0 0 0 0
0 0 5 0
END
0 0 0 0
2 0 0 0
0 0 0 2
0 0 0 5
END
0 0 0 0
0 0 0 3
0 0 0 0
2 0 4 0
END
0 0 3 0
0 0 4 0
0 0 0 0
0 0 0 4
END
0 0 0 0
0 0 0 0
0 8 5 0
0 1 0 0
END
2 0 0 0
0 3 0 0
0 0 3 0
0 5 0 0
END
0 5 0 5
0 0 0 3
0 0 0 0
0 0 0 0
END
3 0 0 0
0 0 7 2
0 3 0 0
0 0 0 0
END
0 2 2 0
0 0 0 0
0 0 0 0
6 0 0 0
END
0 0 0 0
0 0 0 0
0 3 3 0
0 0 7 0
END
0 0 7 0
0 0 0 0
2 4 0 0
0 0 0 0
END
0 3 0 0
0 0 0 0
0 0 0 6
0 5 0 0
END
0 0 0 0
3 0 0 0
0 0 0 0
5 0 0 2
END
3 3 0 0
0 10 0 0
0 0 0 0
0 0 0 0
END
0 0 1 0
0 0 0 0
0 1 0 0
0 0 0 5
END
0 0 0 0
0 0 0 4
1 0 4 0
0 0 0 0
END
0 0 0 0
0 0 0 2
0 0 3 0
0 5 0 0
END
0 3 0 0
0 0 0 0
0 6 0 0
1 0 0 0
END
0 0 0 3
0 0 0 0
1 2 0 0
0 0 0 0
END
0 0 0 0
0 0 4 0
0 0 0 0
0 2 0 3
END
0 8 0 2
0 0 0 0
3 0 0 2
0 0 0 0
END
0 0 1 0
0 0 0 3
0 0 1 0
0 0 0 0
END
4 2 0 0
0 0 0 0
0 0 0 0
5 0 0 0
END
3 0 0 3
0 0 0 0
0 0 0 5
0 0 0 0
END
11 0 0 0
0 0 1 2
0 0 0 0
0 0 0 0
END
0 0 0 0
2 4 6 0
0 0 0 0
0 0 0 0
END
0 10 0 0
0 0 0 0
0 0 0 0
4 0 2 0
END
3 0 0 0
8 0 0 0
0 3 5 0
0 0 0 0
END
0 1 0 0
0 0 0 0
0 1 0 0
0 10 0 0
END
0 0 3 0
3 0 0 0
0 0 0 10
0 0 0 0
END
10 0 0 0
0 0 0 0
3 0 0 0
0 0 8 0
END
0 0 0 2
0 0 7 3
0 0 0 0
0 0 0 0
END
0 0 0 0
0 0 8 0
3 0 0 0
1 0 0 0
END
0 0 0 0
0 0 0 2
0 0 4 0
0 0 0 1
END
0 0 5 7
0 0 0 3
9 0 0 0
0 0 0 0
END
0 0 0 0
1 0 0 1
0 2 0 0
0 0 0 0
END
0 0 0 0
8 0 0 2
0 0 0 1
0 0 0 0
END
0 0 0 1
0 0 0 0
2 0 0 0
0 0 5 0
END
0 0 0 0
4 0 0 0
0 0 5 0
0 0 8 0
END
6 0 2 0
0 0 0 0
0 0 3 0
0 0 0 0
END
0 0 0 0
0 10 0 0
0 3 0 0
3 0 0 0
END
0 3 0 6
0 0 0 4
0 0 0 0
0 0 0 0
END
5 0 0 0
0 0 0 0
8 0 0 6
0 0 0 0
END
0 0 2 0
0 0 0 8
0 0 5 0
0 0 0 9
END
0 0 0 0
0 4 0 0
0 1 0 0
0 11 0 0
END
0 0 0 0
0 0 0 0
0 10 0 0
1 0 0 2
END
0 0 0 9
9 0 0 0
3 0 0 0
0 4 0 0
END
0 0 0 0
0 2 1 0
0 0 0 2
0 0 0 0
END
0 0 0 0
0 0 0 0
3 8 0 0
0 3 0 0
END
0 0 0 0
3 0 0 0
0 0 0 0
1 2 0 0
END
0 10 0 0
0 0 2 0
0 0 0 0
0 0 1 0
END
5 0 0 0
9 0 0 0
0 9 0 0
0 0 0 0
END
0 0 0 0
0 1 0 0
0 0 0 0
0 4 0 2
END
0 0 0 0
0 7 0 1
0 0 0 0
0 0 0 3
END
1 0 5 0
0 0 0 0
3 0 0 0
0 0 0 0
END
0 3 0 0
1 0 0 0
2 0 8 0
0 0 0 0
END
0 4 0 1
0 10 0 0
0 0 0 0
0 0 0 0
END
0 0 0 0
0 0 0 0
2 0 0 0
3 2 0 0
END
0 0 0 7
0 0 0 0
0 0 0 2
0 0 10 0
END
1 0 0 0
0 0 5 0
0 0 0 0
0 0 5 0
END
0 0 0 0
0 0 0 6
0 0 0 3
0 0 6 0
END
0 0 2 0
7 11 0 0
0 8 0 0
0 0 0 0
END
2 0 4 0
0 0 2 1
0 0 0 0
0 0 0 0
END
1 0 0 0
0 8 0 0
9 0 0 0
0 0 0 0
END
0 0 0 0
1 0 0 0
0 1 2 0
0 0 0 0
END
0 0 11 0
0 0 0 0
0 10 0 0
0 2 9 0
END
4 0 0 0
0 0 3 0
0 0 0 0
11 0 0 0
END
0 0 0 0
0 0 3 2
0 0 0 0
0 0 0 2
END
1 0 0 0
0 3 0 0
0 0 0 0
3 0 0 0
END
1 0 0 0
0 0 0 0
0 0 0 0
5 1 0 0
END
0 0 0 4
0 0 0 0
2 0 0 0
0 5 0 0
END
8 0 0 0
1 0 0 0
0 0 0 0
0 0 2 0
END
0 0 0 0
0 2 0 3
0 3 0 0
0 0 0 3
END
0 0 0 0
0 0 3 0
0 0 0 0
0 4 1 0
END
0 0 4 8
0 0 0 0
0 3 0 0
0 3 0 0
END
0 0 0 0
0 5 0 1
0 0 0 0
2 0 0 0
END
0 0 0 8
0 0 0 0
0 0 0 0
0 0 10 2
END
0 0 0 0
0 0 0 0
2 0 0 0
1 10 0 0
END
0 0 0 0
0 2 0 0
0 8 0 0
0 5 0 10
END
5 0 1 0
0 0 0 0
0 0 0 0
0 0 2 0
END
0 1 0 0
0 0 8 0
0 1 0 0
0 0 0 0
END
0 0 0 0
1 0 9 0
0 0 0 8
0 0 0 0
END
0 0 3 0
1 3 0 0
0 0 0 0
0 4 0 0
END
0 0 0 0
3 0 0 0
4 5 0 0
0 0 0 0
END
0 0 0 3
0 0 0 0
2 6 0 0
0 0 0 0
END
0 0 0 0
0 0 5 6
0 0 0 0
0 0 4 0
END
1 0 0 0
0 0 0 10
0 0 0 0
0 0 0 1
END
0 0 0 0
0 0 0 0
3 0 4 0
0 0 3 1
END
0 0 11 0
3 0 0 0
2 0 0 0
0 0 0 0
END
0 0 0 2
0 0 0 0
3 0 0 0
0 2 0 0
END
0 0 6 0
9 0 1 0
0 0 0 0
0 0 0 0
END
0 2 7 0
0 0 0 0
0 0 0 0
0 0 0 1
END
0 4 3 0
0 0 0 0
0 1 0 0
0 0 0 0
END
0 3 0 0
0 0 0 0
0 3 5 0
0 0 0 0
END
0 0 0 9
0 0 0 0
0 3 0 0
0 4 0 0
END
0 0 0 2
4 0 0 0
0 6 0 0
0 0 0 0
END
0 0 0 0
0 3 0 0
0 0 0 9
0 0 0 1
END
0 0 0 0
0 0 0 0
0 10 0 0
3 1 0 0
END
1 0 0 0
0 0 0 0
2 0 0 0
0 0 1 0
END
0 4 0 0
0 0 0 1
0 0 4 0
0 0 0 1
END
10 0 0 5
0 0 0 0
0 0 0 0
0 3 0 0
END
0 0 0 0
0 0 1 0
0 0 0 2
0 0 0 4
END
0 0 0 0
0 0 9 0
0 3 0 0
0 7 0 0
END
0 1 4 0
9 0 0 0
0 0 0 0
0 0 0 0
END
0 0 0 2
0 0 0 0
0 0 7 0
1 0 0 0
END
7 0 0 0
0 3 0 0
0 9 0 0
0 0 0 0
END
0 0 0 0
2 0 1 0
0 0 0 0
0 0 0 1
END
0 6 5 0
0 7 0 0
0 0 0 0
0 0 0 0
END
0 0 4 0
0 0 11 0
0 0 2 0
0 2 0 0
END
0 10 0 0
0 0 0 0
0 0 0 0
7 2 0 0
END
6 0 0 0
0 4 0 0
0 0 0 0
2 0 0 0
END
0 0 0 1
0 0 0 0
0 0 3 4
0 0 0 4
END
2 0 0 0
0 1 0 1
0 0 0 0
0 0 0 0
END
0 0 0 10
0 0 0 3
1 0 0 7
0 0 0 0
END
0 5 0 0
0 2 0 0
0 2 0 0
0 1 0 0
END
0 0 0 0
1 0 0 0
2 0 0 1
0 0 0 3
END
0 0 0 0
0 10 0 0
0 10 0 0
8 0 0 2
END
0 0 0 0
0 0 0 2
10 0 0 0
0 0 9 0
END
0 0 0 0
0 0 2 0
0 0 0 0
0 1 0 1
END
